1.775593262713914267e-01
2.158841100443102401e-01
-2.474711242321616378e-01
2.646187769262622197e-02
-1.815282889863999438e-01
-6.686080702971211598e-02
-2.767612889963528278e-01
-1.408855824981890270e-01
-2.278465657393339838e-01
-2.767800027657127959e-01
-1.565293310698724072e-01
-3.209038918968493831e-02
9.938783344998862457e-02
3.873021813932370910e-02
-1.825961660868089670e-02
-2.147486547054636152e-02
-2.597841522781668133e-01
1.035947132365792056e-01
-2.269628400217468256e-01
-1.215373185496800984e-01
