5.077902749649718661e-01
2.237085721373573977e-01
-2.545859071071137625e-01
2.647091254513935649e-02
-1.841656800624927315e-01
-2.297884738132409954e-01
-3.112915405027432136e-01
-2.795537688572760637e-01
-3.049651099931311449e-01
-3.112908577160997114e-01
-1.582195611085358278e-01
-1.802117182366090309e-01
5.085822288208070585e-01
-1.495203999210197553e-02
-1.826246639137978425e-02
-2.147948992738635265e-02
-2.683926677696469310e-01
5.209311672916245861e-01
-2.322472137617993260e-01
-2.703444716960637373e-01
