-2.067201169576032838e-02
1.811736019659958563e-01
-3.269440109001277017e-01
2.962794597859298371e-02
-2.335757810959131764e-01
8.309659988381535856e-01
-3.565953034929080778e-01
4.031760880506403688e-01
-2.766893193828187103e-01
-3.566199748341778442e-01
-1.988407229113999253e-01
1.427518473689516565e+00
-3.984463084139396732e-02
-3.318530818871960608e-02
-2.121832389659302626e-02
-2.501635978602992014e-02
-3.440085615699973176e-01
-3.957429284532854724e-02
-2.979134608587266086e-01
5.942194301755017172e-01
