1.782391596843562742e-01
2.154454965181096804e-01
-2.468522730162948375e-01
2.646098945842578765e-02
-1.812572255562359680e-01
-6.738917505259980900e-02
-2.765607855651418534e-01
-1.415477146164667022e-01
-2.283355341092567770e-01
-2.765790271515893850e-01
-1.563523370105606158e-01
-3.247195671740366052e-02
9.997460057283240331e-02
3.916492464567541965e-02
-1.825932463302664885e-02
-2.147439058236449982e-02
-2.590991344318142042e-01
1.041894592050792573e-01
-2.264623275693291027e-01
-1.221665000661367045e-01
