-8.282441364587066202e-02
5.558630565918065702e-01
-4.299373991246818183e-01
6.301261035604384386e-02
-3.499706473602603451e-01
4.908517785878044881e-01
-3.477559973196548415e-01
2.903805665919447221e-01
-1.016647446772056401e-01
-3.478609952818262907e-01
-3.116283099040192406e-01
4.697760183052592797e-01
-1.542749893764490399e-01
-5.596674736272588824e-02
-4.192491796772185308e-02
-4.916997352462831178e-02
-4.396254670919241825e-01
-1.557825018522881744e-01
-4.091132404254299026e-01
3.610247601958141428e-01
