1.763229265226835263e-01
2.099917457625482820e-01
-2.431141602832487814e-01
2.542647697278363483e-02
-1.762800256389310816e-01
-5.599307636367530094e-02
-2.795482752333620646e-01
-1.369801637336029443e-01
-2.305711146628895425e-01
-2.795654252766093251e-01
-1.515773708844370127e-01
-1.975011373271205045e-02
9.290631968195078860e-02
3.096485012835928363e-02
-1.754900713887064256e-02
-2.064024530676865712e-02
-2.560916334323175558e-01
9.737046506518690081e-02
-2.219619645964708565e-01
-1.157336497979201823e-01
