3.017620998009115652e-01
3.501475907903596752e-01
-3.709525906069753853e-01
4.889532909022933915e-02
-3.069105688147142907e-01
-1.041470222578706750e-02
-2.611750917616142975e-01
-3.861367429770966586e-01
-1.763158871830062813e-01
-2.612415004397078966e-01
-2.717007687703710261e-01
-1.043955898028033416e-02
4.948915712062510464e-01
3.319816202515881720e-01
-3.376868263071578641e-02
-3.970289204193833826e-02
-3.739996218450508669e-01
5.798944310138345326e-01
-3.574691355090027223e-01
-7.331028617937010994e-01
