-1.193188156585588966e-01
1.914096364455593058e-01
-4.690532087547862883e-01
-1.322621763715800623e-03
-1.634774818327709156e-01
3.383988012705239079e-01
2.092638385341101248e-01
3.264313234642278738e-01
-2.767366717593288672e-01
2.129969120165998153e-01
-1.532873238511661684e-01
1.999898451217244633e-01
-5.481117420136401991e-02
-5.455979146817345471e-02
-3.024317134009039953e-02
-3.014083613545111284e-02
8.251883470639838347e-02
-3.352496070657391969e-01
-4.085496935762887860e-01
8.841002129249587310e-03
