1.662843737806893041e-01
1.972777273149171340e-01
-2.403912542872734814e-01
3.508628267840922105e-02
-1.904350071926945998e-01
-2.971446960964660433e-01
-2.553341884057259703e-01
-2.706843160156754968e-01
-2.540810524465769715e-01
-2.553372235025249126e-01
-1.664090185557342283e-01
-3.149006755662013823e-01
1.246021044737358058e-01
9.049006498044674662e-02
-1.335349542442586246e-02
-1.693498443887523838e-02
-2.470596478058227075e-01
1.268549986873205027e-01
-2.272851966931448142e-01
-2.765481866604296290e-01
