1.804330714865278462e-01
2.163320088171486189e-01
-2.485368982784197656e-01
2.646188637826440287e-02
-1.816937518369945437e-01
-5.579832917209421456e-02
-2.833058880790462752e-01
-1.399022151457456620e-01
-2.343119546715343171e-01
-2.833231502051365980e-01
-1.566030456316224173e-01
-1.463598604698099388e-02
9.312732810212391577e-02
2.268720736929284720e-02
-1.825961796455002895e-02
-2.147486852362807258e-02
-2.612945516805896817e-01
9.790952155475118879e-02
-2.275704859425336790e-01
-1.182039712283737692e-01
