-5.721976196747979859e-02
-2.417201089369602762e-03
4.395255059193636793e-03
-3.101172258528767101e-06
1.259879726485391149e-03
9.806361640630778531e-02
2.314203454482399724e-02
6.926719410536730237e-02
4.127599761948508306e-02
2.313241496508877670e-02
7.540139945941826127e-04
1.169347979808863514e-01
-8.430206780290094848e-02
-1.127705931960372165e-01
1.016685356014512820e-06
1.655138249966742192e-06
5.668272964945431092e-03
-8.267657491473079379e-02
2.970371844104702230e-03
7.602721352975116975e-02
