2.312575497903595345e-01
1.779148838713765224e-01
-1.908156965433986940e-01
2.225186074947425874e-02
-1.465735594041889800e-01
-4.249554504573839209e-01
-1.959285243529381715e-01
-2.539069757666374549e-01
-1.709589140885302283e-01
-1.959443604138949302e-01
-1.278713845980299357e-01
-4.612949244748197897e-01
6.457781669088311083e-02
4.028986127681794677e-02
-1.535969710492881418e-02
-1.806191842833412831e-02
-1.977839027896234059e-01
7.248510482638818864e-02
-1.780810987795415912e-01
-3.002679152445225652e-01
