3.449613630825220101e-01
3.072040996495999932e-01
-4.993474536013275955e-01
5.145516358807772361e-02
-3.939058816393858908e-01
-3.556028550991873760e-01
-3.589502745674102435e-01
-3.260320716797064922e-01
-2.803755454648212964e-01
-3.590291674536051358e-01
-3.412858985930614097e-01
-3.074111595349444670e-01
3.077106946951136401e-01
1.784653547769623760e-01
-3.716198440618558030e-02
-4.383268168742777277e-02
-5.065288738616073871e-01
3.122422191530191959e-01
-4.750931086187663577e-01
-3.414910311430996437e-01
