6.537353009433234663e-03
2.160969382424916818e-03
-3.107030610761798983e-03
3.096923936392962676e-06
-1.130551532178218415e-03
7.326354249589904777e-01
1.460671644572176381e-02
3.772439173063190099e-01
9.824731886321590169e-02
1.458178702916352286e-02
-7.020883241857829452e-04
8.278754172992026650e-01
1.353432078997381105e-02
5.792435519869314209e-02
-1.015993438419205299e-06
-1.653573905382969040e-06
-3.571421016479953657e-03
1.227232459071988559e-02
-2.353155965477150054e-03
4.642600122201697155e-01
