2.486181692890190031e-01
1.298935251576940342e-01
-1.571333455748706309e-01
1.431276533993643303e-02
-1.051709269302975730e-01
-2.908608742455013885e-01
-1.916448680166422391e-01
-2.736289779420632007e-01
-2.375632469804217495e-01
-1.917379756542148539e-01
-8.885929324558666798e-02
-6.822514361734959010e-02
1.860460856004124419e-01
6.457107058272967826e-02
-9.869735752580245658e-03
-1.161033960424119604e-02
-1.699174156007386693e-01
1.912242756478808869e-01
-1.388446787202616273e-01
-2.950943238054394291e-01
