1.069839112612811227e-01
-6.131427338588419512e-02
4.328016776613087535e-02
8.099907985937532281e-06
4.255987146863454001e-02
-3.625721947525193528e-02
-9.828994449224483232e-02
-8.989728821535848680e-02
-1.185711004741707708e-01
-9.826187724213152064e-02
1.087818895496145410e-02
2.457489933721328755e-03
6.330738851712479354e-02
6.139120393854823401e-03
3.296268067922301557e-04
-2.512102102607597872e-04
2.636667385912482009e-02
6.636992103200747839e-02
5.893714652613476351e-02
-7.847546584498117650e-02
