1.790540260978671638e-01
2.146201932485495845e-01
-2.439341808544181756e-01
2.510945250476761051e-02
-1.810463418094291621e-01
-4.981599696364235469e-02
-2.777410547940235008e-01
-1.420286345742918510e-01
-2.293535854574110522e-01
-2.777583570136456514e-01
-1.556243625981076351e-01
4.279402346435878107e-02
9.632466728278185619e-02
-1.749104225967922782e-02
-1.743348386876951081e-02
-2.114353674548894585e-02
-2.555134812882861595e-01
1.013695319516552118e-01
-2.250101284054971118e-01
-1.216238221365640582e-01
