1.758731084858503602e-01
2.259836118296524032e-01
-2.325814052078058192e-01
2.671991955465692278e-02
-1.743477720855075297e-01
-1.100144610744890478e-01
-2.578656514343469763e-01
-1.642469316265323664e-01
-2.236490975499666189e-01
-2.578791324839526666e-01
-1.514181444604829063e-01
-7.933493384928949621e-02
6.112521741998907382e-02
-5.937074220914677347e-02
-1.826611166811147741e-02
-2.146759482667709093e-02
-2.430027319192740176e-01
6.806262769788853917e-02
-2.148696860272802933e-01
-1.507195268853821490e-01
