1.775236098725726519e-01
2.156051291891974975e-01
-2.472862701588882384e-01
2.646126318022709589e-02
-1.813887801918086240e-01
-5.638155124131510876e-02
-2.771756117322948243e-01
-1.393278682572466620e-01
-2.281571664832778568e-01
-2.771942126448451726e-01
-1.564301010398896075e-01
-8.324536761967120044e-03
9.450339143873938419e-02
1.837861197585450440e-02
-1.825941760170699327e-02
-2.147454233992835207e-02
-2.596318109924032891e-01
9.921954409660678487e-02
-2.267680743947199651e-01
-1.187960341959742316e-01
