1.722552251625105724e-01
2.159774532934658764e-01
-2.475257525403726788e-01
2.646221285602418094e-02
-1.816046376292919928e-01
-6.063676535478537688e-02
-2.750480933287421381e-01
-1.348089499747483211e-01
-2.240480421671663114e-01
-2.750679336269367115e-01
-1.565847591246996018e-01
-2.713448099741428213e-02
9.291431870240808577e-02
3.341046611080721734e-02
-1.825972701413106081e-02
-2.147504490979429068e-02
-2.597823435460867580e-01
9.713105390939864858e-02
-2.270526527766135727e-01
-1.151987533040091244e-01
