1.608877039030510991e-01
7.376438344525046431e-02
-1.070983477483256618e-01
8.753638219645970900e-03
-6.915078538848450085e-02
-3.082245402134282664e-01
-1.915102073871089439e-01
-2.765004806010160077e-01
-2.332645259632352974e-01
-1.914827292460919428e-01
-5.784416764481437739e-02
-3.248702232117029465e-01
1.696658041623812785e-01
1.743967231986080779e-01
-6.127245862908412173e-03
-7.215502694222403028e-03
-1.171111164385985337e-01
1.692840605286454747e-01
-9.333578124574984369e-02
-2.848145474680602862e-01
