1.165841882884932179e+00
3.025363047924445326e-01
-8.377558115333760824e-02
1.374706531275019135e-02
-6.299887821119341813e-02
-1.706243796022628989e-01
-1.211410071143605161e-01
-1.565478589597203984e-01
-1.383575601437522784e-01
-1.211296239786208984e-01
-5.572952821572157295e-02
-1.783933604395525896e-01
3.388219623274794090e-01
-2.286299882607794876e-01
-8.366039047388591776e-03
-9.759980736909578194e-03
-8.864134194790813936e-02
4.079948855030108290e-01
-7.673760148483356469e-02
-1.601580760757993216e-01
