3.478875652971209487e-01
1.695913809075600409e-01
-2.719952724914488362e-01
2.646842740531363258e-02
-1.886166566164198255e-01
-2.413757549897765642e-01
-3.824854147072744293e-01
-3.599005781442901064e-01
-3.939692757478243101e-01
-3.824685449512277846e-01
-1.606884611338713076e-01
-1.254053497536770923e-01
-1.491172864622562766e-01
3.789113570458668007e-02
-1.826318335836643950e-02
-2.148080734574148859e-02
-2.909439455800017504e-01
-2.718380349965809906e-01
-2.437569148338147307e-01
-3.405860409556454860e-01
