1.028603590572994692e-01
3.831536260786928827e-02
-4.655996937460165491e-02
4.200381430112680274e-03
-3.093282353015476549e-02
-1.188972375508276780e-01
-7.879298768451878376e-02
-1.084488964852812903e-01
-9.367613026870255655e-02
-7.878298126645569277e-02
-2.611160673771038832e-02
-1.242481210508555173e-01
1.143200528531378296e-01
1.231459393195289409e-01
-2.896451663594055547e-03
-3.407274881580282366e-03
-5.055377850401421291e-02
1.137336481426403922e-01
-4.098546827639262813e-02
-1.112187694298347601e-01
