1.835417806680446351e-01
6.911272586660388573e-02
-1.117898164889396251e-01
1.113459261756855279e-04
-3.911813773272658501e-02
-4.151292577650154969e-02
-2.651145237561140511e-01
-1.355722634598163778e-01
-2.421509798250413847e-01
-2.651004570420973927e-01
-2.444857230186586045e-02
-4.223442956038880869e-03
8.139484549116343670e-02
1.072632920338149887e-02
-3.655446623085406344e-05
-5.948089724880467301e-05
-1.348117251693111140e-01
8.677203256281144916e-02
-8.201719461527691435e-02
-1.100665938536396354e-01
