3.685732324990184106e-01
1.990442606431912231e-01
-2.376662444884427294e-01
2.250850387729281046e-02
-1.625855147712590154e-01
-2.042119993259123856e-01
-3.483208724815431423e-01
-3.100791681456187554e-01
-3.573997437035917879e-01
-3.483023572588905270e-01
-1.380635235545222828e-01
-1.066832830245573738e-01
3.080233018107849663e-01
3.698638390590473779e-02
-1.552390823712733806e-02
-1.826060710986035507e-02
-2.553545156272750138e-01
3.157914715357149071e-01
-2.118251663119695705e-01
-2.904309767764401418e-01
