1.821442255176855540e-01
2.197510404685459329e-01
-2.618698961040579754e-01
2.621867221943249490e-02
-1.739791460252558819e-01
-7.800658165485230278e-02
-2.829872945531800021e-01
-1.474218588982917910e-01
-2.310429944894160648e-01
-2.830100965055896700e-01
-1.483982313492616667e-01
-4.396139213955517488e-02
1.085715855027053339e-01
5.071274787440578635e-02
-1.806580283056710701e-02
-2.125104687580909452e-02
-2.762023577453017742e-01
1.125037603444213191e-01
-2.351411378054611423e-01
-1.292784559292571578e-01
