2.418878809240202765e-01
1.491916966196537020e-01
-1.138883709518905968e-01
7.573084393452405964e-03
-1.480560526613008132e-01
-4.051390509345645929e-01
-1.738670380832199325e-01
-2.363408595686806446e-01
-2.602423412692774218e-01
-1.739036693932611288e-01
-1.269418599576245810e-01
-3.311240491618813175e-01
2.017605712339360369e-01
9.832030620548140587e-02
-5.940854044973595781e-03
-1.701932274895383637e-02
-1.092825008907838957e-01
2.058939766048163977e-01
-1.289715558843806398e-01
-5.942993052205716026e-02
