
0;3;3.47
1;8;3.69
2;6;3.6
3;6;3.68
4;6;3.83
5;4;3.74
6;6;4.11
7;6;4.22
8;3;4.66
9;3;4.4
10;8;4.27
11;3;4.32
12;3;4.11
13;5;4.25
14;8;4.58
15;3;4.59
16;3;4.7
17;3;4.65
18;5;4.42
19;5;4.29
20;5;4.38
21;5;4.63
22;3;4.47
23;3;4.27
24;3;4.65
25;5;4.65
26;5;5.02
27;5;4.6
28;6;4.53
29;5;4.83
30;4;4.65
31;3;5.04
32;5;5.42
33;5;5.19
34;3;4.76
35;6;5.04
36;6;5.08
37;3;5.43
38;4;5.6
39;4;5.15
40;5;4.95
41;4;4.87
42;4;5.13
43;5;5.21
44;4;4.9
45;4;5.17
46;4;5.55
47;4;5.87
48;4;5.9
49;9;5.65
50;4;5.72
51;6;5.8
52;9;6.11
53;6;5.78
54;3;6.13
55;4;6.09
56;5;6.36
57;5;6.24
58;7;6.04
59;6;5.47
60;9;5.97
61;20;6.25
62;19;6.94
63;19;7.88
64;21;9.8
65;21;11.31
66;12;13.04
67;18;14.64
68;7;16.72
69;32;18.63
70;16;21.53
71;27;21.66
72;17;22.39
73;23;22.37
74;10;21.71
75;11;20.81
76;11;21.41
77;12;20.41
78;17;21.08
79;14;21.48
80;14;20.95
81;27;19.94
82;30;21.31
83;20;22.82
84;20;24.24
85;26;25.37
86;26;24.3
87;18;23.19
88;18;22.78
89;19;22.03
90;20;21.99
91;19;24.53
92;19;23.81
93;19;23.16
94;20;21.64
95;20;22.27
96;20;22.19
97;20;22.19
98;20;23.2
99;37;23.83
100;34;25.48
101;36;26.87
102;41;28.45
103;42;31.1
104;42;30.51
105;41;31.14
106;37;31.66
107;37;33.32
108;41;34.09
109;41;33.97
110;41;34.41
111;38;34.65
112;45;34.9
113;30;34.86
114;30;33.6
115;30;33.1
116;30;32.58
117;30;32.67
118;30;33.85
119;30;34.32
120;30;33.3
121;30;33.14
122;30;31.08
123;30;31.33
124;30;31.31
125;39;32.55
126;27;33.21
127;48;32.32
128;36;34.28
129;40;32.97
130;40;33.91
131;39;34.94
132;38;34.05
133;38;34.65
134;38;33.32
135;39;34.53
136;38;33.94
137;36;34.05
138;36;34.22
139;36;32.8
140;36;33.24
141;38;33.82
142;38;33.43
143;40;33.39
144;40;32.87
145;38;33.09
146;38;32.73
147;38;31.66
148;38;32.36
149;38;31.28
150;38;33.85
151;40;33.44
152;40;33.99
153;40;33.66
154;40;32.47
155;40;33.8
156;42;33.91
157;42;34.37
158;41;35.56
159;43;35.64
160;43;35.36
161;41;33.98
162;41;35.02
163;41;34.82
164;41;36.14
165;41;37.31
166;41;36.49
167;41;36.15
168;41;35.62
169;41;37.77
170;41;37.0
171;43;35.87
172;43;36.69
173;43;36.66
174;43;37.84
175;42;37.83
176;43;37.33
177;43;37.69
178;42;37.4
179;42;37.85
180;42;37.14
181;42;36.99
182;42;37.07
183;42;37.55
184;42;37.6
185;42;38.2
186;42;37.54
187;42;38.54
188;42;38.67
189;42;36.97
190;42;36.82
191;42;36.87
192;42;37.55
193;42;38.37
194;42;38.19
195;42;37.96
196;42;37.75
197;42;37.59
198;42;37.52
199;42;37.81
200;42;38.7