1.816400829484321189e-01
2.131571786204581598e-01
-2.431681224565158672e-01
2.645732106496200692e-02
-1.799617365826349236e-01
-7.814917459739902095e-02
-2.696435781748404148e-01
-1.487129744432524048e-01
-2.260989266266515141e-01
-2.696606079362278141e-01
-1.555433348184754039e-01
-3.976476088004364529e-02
1.101907063525958547e-01
4.766850945613806956e-02
-1.825812041178586156e-02
-2.147243103478756535e-02
-2.546791568971916719e-01
1.141885063305891485e-01
-2.237490159194495121e-01
-1.309786391144808215e-01
