1.768914989435796392e-01
2.158166670244353325e-01
-2.480876675002053333e-01
2.646185386718678464e-02
-1.812344864992439797e-01
-8.144815042644118486e-02
-2.751202217039332432e-01
-1.444245251304728528e-01
-2.242131024792476668e-01
-2.751413734974474945e-01
-1.563246996409639877e-01
-5.005914781599511698e-02
1.090075271489358427e-01
5.644311044924628373e-02
-1.825961562980673095e-02
-2.147486613148493970e-02
-2.607527861837525829e-01
1.125611583203450922e-01
-2.270847025812137987e-01
-1.277888008982562551e-01
