1.720977595927557779e-01
2.159888102117103748e-01
-2.476814878702152389e-01
2.646188021346526642e-02
-1.815706931128123480e-01
-7.758341483066141797e-02
-2.753276338784142463e-01
-1.392620527861685997e-01
-2.223939671558581854e-01
-2.753484014990812967e-01
-1.565490235845184985e-01
-3.945760995697491363e-02
1.052036979828786384e-01
4.805327120422338977e-02
-1.825961700259239734e-02
-2.147486635722705914e-02
-2.600470198049883441e-01
1.086079374105894529e-01
-2.270986317517584563e-01
-1.231499292370305115e-01
