6.283801041760987971e-01
3.486228793391179526e-01
-6.142029401908435382e-01
7.300458244003157904e-02
-4.963072514656668988e-01
-1.219002529231595078e-01
-4.486138865858251279e-01
-3.762007166429331417e-01
-2.560949864977820067e-01
-4.486366818294544867e-01
-4.440749266958807229e-01
-9.948532253724512442e-02
5.293540029583567730e-01
2.065893653157148957e-01
-5.234644367298969814e-02
-6.159959980549105374e-02
-6.226971569734726097e-01
4.924986476258741419e-01
4.131712822158534887e-02
-5.914529401995916036e-01
