1.542497318668593909e-01
1.249100925895348102e-01
-1.483727059490919931e-01
1.430032666729719702e-02
-1.032305923583596574e-01
-3.294167232490105568e-01
-1.993531823082708154e-01
-2.749239960707491881e-01
-2.825895416347400380e-01
-2.008835869189094792e-01
-8.644218604316381005e-02
-3.424676856538264591e-01
1.018688624955764455e-01
8.418112614180961462e-02
-9.870596267985155478e-03
-1.161062606343533400e-02
-1.531065792198044728e-01
1.040028772569603632e-01
-1.359075610955794433e-01
-2.966487140647247056e-01
