2.484302546930926003e-01
1.254856661008058316e-01
-1.495169413191824725e-01
1.430913805693532527e-02
-1.027446557510246494e-01
-2.436011260161803638e-01
-2.235489420755625845e-01
-2.490554996473053617e-01
-2.428370956563981886e-01
-2.235322412764475797e-01
-8.738231571898363859e-02
-2.368901876712216359e-01
2.471395665307014045e-01
2.385174818177127620e-01
-9.869557483088547620e-03
-1.160917768682572654e-02
-1.605492469187400351e-01
2.474583843344868583e-01
-1.334402595009788750e-01
-2.484986723654293017e-01
