-8.116408267048527692e-03
2.701322075383456346e-03
1.509146008233308404e-03
5.570493483201764349e-07
-1.936459420484194088e-03
4.704308521990267500e-01
-1.215069060642347126e-01
2.090430711486016557e-01
-3.334051046158674758e-01
-1.244017674844026394e-01
-1.759888025639990057e-04
-4.375693051633622321e-01
-3.292788412746391891e-02
1.628706395086185199e-02
-8.494018892589043280e-09
1.276675461841581940e-07
8.468358833957760970e-03
-2.628827583380442812e-02
3.428476124283707637e-03
8.943529976203387077e-01
