1.720551216356100976e-01
1.830360089799379919e-01
-2.579872745760956043e-01
2.606553452144928784e-02
-1.894664335109785269e-01
-1.062658617200920030e+00
-3.290803001705153163e-01
-1.404447189439760602e-01
-3.006005270460704315e-01
-3.290753444225458235e-01
-1.634099838256153625e-01
-7.279820542690186302e-01
1.044680324887673761e-01
6.267365597728424831e-02
-1.842834492650841094e-02
-2.170609779536852857e-02
-2.716253220239727706e-01
1.083345346519829638e-01
-2.363913769106903706e-01
-1.449425491512248976e-01
