1.818458212009448349e-01
1.706594478670737935e-01
-2.008758867595375752e-01
1.974494071584961818e-02
-1.406717087173731950e-01
-5.621884997081125213e-02
-2.569363968876429705e-01
-1.448200388823825679e-01
-2.261024017956578258e-01
-2.569419633164870542e-01
-1.199830445432342602e-01
-2.707767115550005141e-03
9.793904014813251124e-02
1.407935871346955442e-02
-1.361951154798160535e-02
-1.601982830207327249e-02
-2.139014978068712325e-01
1.029710303463055449e-01
-1.808773905113317815e-01
-1.236870943319479249e-01
