1.017977239745671003e-01
4.763442626053743245e-03
-8.599492400512664947e-03
6.201255884671907914e-06
-2.495697297036997275e-03
-1.664256622836693955e-01
-4.335450112421956881e-02
-1.213902763941551166e-01
-7.506878164448915758e-02
-4.333724521725612622e-02
-1.497776214178792031e-03
-1.947462543523302836e-01
1.451983144103254908e-01
1.885707804326900439e-01
-2.033201011299862193e-06
-3.309894188029127715e-06
-1.104570379763952781e-02
1.426564939952396083e-01
-5.840892139502007474e-03
-1.321788753031496455e-01
