5.396511877538342494e-01
4.497123716916078262e-01
-4.846659203168662278e-01
8.027185239109944914e-02
-4.406503536404977051e-01
-1.812383261165907700e-01
-3.427028394175490877e-01
-2.162908794608351948e-01
-2.659895730035812256e-01
-3.427611032418035331e-01
-4.023050305641990287e-01
-1.454322914608425221e-01
6.043326012615211074e-01
2.117145006441486232e-01
-5.536497710772162600e-02
-6.504445719782901703e-02
-4.793224415054222476e-01
6.119383390813749601e-01
-4.818270532794038941e-01
-2.085647353503884138e-01
