1.738243154346324204e-01
1.720361631018587911e-01
-1.999632095272913523e-01
2.224804913233354581e-02
-1.480539209765892594e-01
-2.907214897980001655e-01
-2.612092891605679035e-01
-2.858183518945972001e-01
-2.759969196407961456e-01
-2.611972153848417522e-01
-1.285002052014252716e-01
-2.927318401163456763e-01
1.173224714137836577e-01
5.239500915170023504e-02
-1.535886060112767737e-02
-1.806060950061703918e-02
-2.105434218202631158e-01
1.209189274790747198e-01
-1.834282374776544933e-01
-2.872586843390919631e-01
