0.000000000000000000e+00
0.000000000000000000e+00
2.980952399999999836e-01
0.000000000000000000e+00
1.963839300000000121e-01
-0.000000000000000000e+00
5.201676899999999604e-01
-0.000000000000000000e+00
-0.000000000000000000e+00
5.200949499999999448e-01
1.654658599999999924e-01
-0.000000000000000000e+00
0.000000000000000000e+00
0.000000000000000000e+00
-0.000000000000000000e+00
-0.000000000000000000e+00
3.245611800000000047e-01
0.000000000000000000e+00
-0.000000000000000000e+00
-0.000000000000000000e+00
