1.824099343118782413e-01
1.642938698633615580e-01
-2.924686457246076787e-01
2.538019548788322463e-02
-2.043400938446566228e-01
-4.665722613346940384e-01
-4.338304616693181015e-01
-2.074464546637184714e-01
-4.269651231109982681e-01
-4.337901079017729700e-01
-1.735749437378427129e-01
-4.725730537647342966e-01
1.577233546891884663e-01
1.262249527568503615e-01
-1.828128374624928346e-02
-2.156262786710743187e-02
-3.119772461218577320e-01
1.593780673706847451e-01
-2.632377288250865033e-01
-1.982799713639956662e-01
