1.717891221968201321e-01
2.301284154630892642e-01
-2.626619948301185392e-01
2.844840207426257983e-02
-1.940985664802168664e-01
-4.854244169319707480e-02
-2.851172739712440340e-01
-1.311565542926975414e-01
-2.280732491124626282e-01
-2.851405961673417200e-01
-1.676389535248741236e-01
-7.905596782841268350e-03
8.511733348192510040e-02
1.589886858120907742e-02
-1.963141670876311987e-02
-2.308779818465589440e-02
-2.750504507501749796e-01
8.980350009468046624e-02
-2.416261365429342445e-01
-1.097298371029630792e-01
