1.759547086861070753e-01
2.160629190371592678e-01
-2.478665952552166207e-01
2.646188159635545073e-02
-1.815974632371911701e-01
-7.151617832907358752e-02
-2.776248200418794387e-01
-1.400485294884792897e-01
-2.269634129265288014e-01
-2.776441773977509908e-01
-1.565608561621839034e-01
-4.018069942647273241e-02
1.010184152366911947e-01
4.625753076754063331e-02
-1.825961721846531757e-02
-2.147486684332147733e-02
-2.603190652133156036e-01
1.048974961142073448e-01
-2.272004297448714238e-01
-1.216356783055724811e-01
