2.216286059242454642e-01
2.660616279023200192e-01
-3.260689176762701647e-01
3.118173508266595950e-02
-3.398597073328931129e-01
-1.468219818074253669e-01
-5.929823009563565117e-01
-2.267546759813470481e-01
-8.155423033736691751e-01
-5.926183414372603320e-01
-1.953452026998941937e-01
-4.746500800658567248e-02
1.366481439101835393e-01
2.417521904799251053e-01
-2.198845257784630761e-02
-3.906033418573406218e-02
-4.143979301139977256e-01
2.083219705587459336e-01
-3.182876642782653254e-01
-4.495865550258142385e-01
