-1.835877378187881770e-01
5.144147581264418845e-01
-1.620453481948494201e-01
6.109732578648482959e-02
-1.870947204158021349e-01
3.717287263182563750e-01
-1.865520422988033722e-01
3.356295492956620219e-01
5.126423176676412480e-02
-1.866301353146787578e-01
-1.908315322710606443e-01
3.159223933584373034e-01
-1.762492919259168733e-01
-1.042654641184906916e-01
-3.895965571398844057e-02
-4.549353207896913304e-02
-1.637811641554985931e-01
-1.803022080255947679e-01
-1.677081359018996742e-01
3.633574876954575039e-01
