1.565375755374887323e-01
7.435883517825804534e-02
-8.901313069499118547e-02
8.397813519765045739e-03
-6.067650090745772828e-02
-1.572854511925721732e-01
-1.367429995988355129e-01
-1.582037274825039141e-01
-1.511443082257573900e-01
-1.367313299658948211e-01
-5.150993471084230890e-02
-1.543331712635290787e-01
1.584017767197591631e-01
1.551005143246893536e-01
-5.791936346988491892e-03
-6.812975584010153365e-03
-9.582880771706472900e-02
1.584604182389180438e-01
-7.918405629879685104e-02
-1.585097076001777405e-01
