-2.176421010460436456e-01
-7.510986067887364011e-03
1.955763940789077837e-02
-1.287158169889159623e-05
6.990333550343071946e-03
5.533738595042577701e-01
7.531695127932304390e-02
3.338819733383295296e-01
-1.324715625064157576e-01
7.536364333728537424e-02
4.258730373519929030e-03
1.741071580482429215e-01
-1.476177971465250476e-02
-3.760128086885126258e-02
4.705372701466731093e-06
7.718646865898373471e-06
2.373471288168213164e-02
-4.577614032765975338e-02
1.458841691500610896e-02
5.192905002996474062e-01
