1.588410823998062382e-01
1.342555737198670301e-02
-2.348799315540700192e-02
1.859027159004189529e-05
-7.192144896747190534e-03
-1.500312476939879291e-01
-9.575814713652099075e-02
-1.649473907396553363e-01
-1.383982331061276438e-01
-9.572930711768039280e-02
-4.367259075136211560e-03
-1.194368304023361305e-01
1.621488977776659735e-01
1.275301922005555311e-01
-6.097498965676490503e-06
-9.924942584712524051e-06
-2.963301339077227536e-02
1.629879327645021303e-01
-1.630863116524379833e-02
-1.650789145065302554e-01
