-1.680912458271105192e-01
1.517699463150764538e-01
1.224765761604025777e-03
2.529650463853086104e-02
-1.074741464311631256e-01
2.435301791171536612e-01
-9.149872048720729678e-01
2.770602871033104320e-01
-3.870368552280574193e-01
-9.204427205850724825e-01
-4.152120585478829007e-01
1.450559127014275085e-01
-2.903671345731084763e-01
-1.682831390502608493e-01
-3.359736744141334636e-02
-4.846114916201328671e-02
-7.430714452774028755e-02
-2.931870987314545984e-01
6.403544895808749304e-02
2.954600976382597555e-01
