3.540733478250933097e-01
2.295637737814597013e-01
-2.716062668110882372e-01
2.648047231314271457e-02
-1.888100601062478734e-01
-2.381226965834214726e-01
-3.794236160001843161e-01
-3.257880638039497567e-01
-3.795274021871314907e-01
-3.794099124949601443e-01
-1.609355783557543662e-01
-1.700103797487111379e-01
2.829313756666351209e-01
1.856162972062357919e-01
-1.826571478603409779e-02
-2.148479194108377996e-02
-2.903719184230829087e-01
2.879008973656244086e-01
-2.436231604473936829e-01
-3.074195004120688912e-01
