1.826619213800207975e-01
1.622372494893008221e-01
-1.720074700387989874e-01
1.889820911053484778e-02
-1.250335862159829836e-01
-2.845291278802528634e-01
-2.314382489318468350e-01
-2.670003383039889489e-01
-2.486555736475271339e-01
-2.314256525785149121e-01
-1.080161983329280123e-01
-2.959035805646789696e-01
1.356250570589783988e-01
8.836123825234361295e-02
-1.291091057334179705e-02
-1.517378754891866681e-02
-1.819461099114105807e-01
1.384185216562044685e-01
-1.567281434310090205e-01
-2.711412676415965728e-01
