1.776469536447651265e-01
2.139234790451292612e-01
-2.437270088694961645e-01
2.645841722079636874e-02
-1.802417204415680818e-01
-6.674119766912953167e-02
-2.754849034568768174e-01
-1.408885196072229840e-01
-2.281604051880457562e-01
-2.755012805601689263e-01
-1.557957130675889645e-01
-3.194608083730979958e-02
9.936487116515516083e-02
3.854987312392556958e-02
-1.825848196893603559e-02
-2.147301915446982179e-02
-2.549516989863334637e-01
1.035773225088477412e-01
-2.246014036033691097e-01
-1.215316911250728105e-01
