7.055312177799378803e-01
2.145558358463995896e-01
-1.722074461605241080e-01
2.138310316024027644e-02
-1.268689244006888650e-01
-2.082207706258696334e-01
-2.247079515576724806e-01
-2.209206033289524973e-01
-2.291455748520811464e-01
-2.247006444744300002e-01
-1.103648698536618400e-01
-2.000564494519066205e-01
3.365412951816104670e-01
3.331529798507650714e-02
-1.409014053943479818e-02
-1.652286061583148336e-02
-1.817660291685397334e-01
3.726904305831852948e-01
-1.574749043264660475e-01
-2.180542402110026978e-01
