1.863606548650548200e-01
1.647761790049588060e-01
-1.954393798579953656e-01
1.875440689277043174e-02
-1.350531977683319396e-01
-4.886239152421627263e-02
-2.605007608878160963e-01
-1.453387171458006555e-01
-2.330166939661456327e-01
-2.605027260632214459e-01
-1.148349387774815766e-01
-1.718984701177801808e-03
9.309426454939442874e-02
1.030822218456061215e-02
-1.293487607644841324e-02
-1.521510209231880656e-02
-2.089853749694090546e-01
9.863719281959894281e-02
-1.750487875919388703e-01
-1.216819381464061267e-01
