4.159777706959730814e-01
4.659169903932032231e-01
-3.247902452398623852e-01
7.316085608516387229e-02
-3.786747265935189732e-01
1.127420029806197321e-01
-3.694603208110255332e-01
-4.009507843954636663e-01
-3.467811328006611959e-01
-3.693117669749891308e-01
-4.485662052011887280e-01
8.385741117948954104e-02
3.912825787653116949e-01
-2.784189128482060238e-01
-5.980509407964053337e-02
-5.684852746865010770e-02
-3.510021615245388915e-01
4.004957827266179549e-01
-3.824717207913671535e-01
-4.219261269524224311e-01
