1.346541572235191442e-01
1.633151431121263597e-01
-1.978051839724781769e-01
2.035895959531740587e-02
-1.394079355974833234e-01
-3.463053878779734918e-01
-3.315906578506796487e-01
-1.668429908049908483e-01
-2.250914628919357396e-01
-3.315808425080554178e-01
-1.199352811854851042e-01
-4.038742180253516723e-01
1.522565590906289346e-01
5.917272171006749543e-02
-1.405133187668045763e-02
-1.652457571014781523e-02
-2.126791731208338698e-01
1.504139818316614086e-01
-1.774176296908551720e-01
-2.015837035176571701e-01
