   0.0000000e+00
   1.8360300e+01
   1.4436355e+00
  -1.4235007e+01
  -1.1910781e+01
   1.1304578e+01
  -2.3033320e+00
  -1.4734092e+00
   1.1728081e+01
   2.8934440e+00
  -4.3095475e+00
  -3.5113288e+00
   3.1797854e+00
   3.2595726e+00
   3.3334776e+00
   3.4023066e+00
   3.9255243e+00
   1.7392526e+00
   3.5842897e+00
   4.7676582e+00
   4.5150940e+00
   1.9161819e+00
   3.7847058e+00
   2.6760323e+00
   3.8716348e+00
   3.9124228e+00
   4.6804368e+00
   4.9418064e+00
   4.0256704e+00
   6.2440494e+00
   4.0946222e+00
   4.1273944e+00
   2.1996638e+00
   4.1898842e+00
   7.1101614e+00
   6.2107096e+00
   7.4214220e+00
   4.3042477e+00
   7.7158614e+00
   7.4890500e+00
   4.3821828e+00
   7.8355332e+00
   4.4309585e+00
   4.4544825e+00
   4.4774659e+00
   4.4999331e+00
   4.5219067e+00
   8.7818101e+00
   1.4071669e-01
   9.0705562e+00
   9.2105406e+00
   9.3477535e+00
  -1.3519903e-01
   4.6635281e+00
  -2.6529693e-01
   9.7296766e+00
   4.7185786e+00
   1.0312687e+01
  -7.3164340e-01
   1.0112076e+01
   1.0203625e+01
  -9.8025241e-01
   1.0382234e+01
   4.8363449e+00
   4.8520913e+00
  -1.2933594e+00
   1.1545898e+01
   1.1238551e+01
   4.9127089e+00
   4.9273062e+00
   1.1043307e+01
   1.1640383e+01
  -2.3381242e+00
   4.9836535e+00
   1.1346011e+01
   1.2621251e+01
   5.0239238e+00
  -2.7686500e+00
  -2.8513925e+00
   5.0626351e+00
   1.2467431e+01
   1.1838364e+01
   1.3371891e+01
  -3.2498129e+00
   5.1239994e+00
   1.2100941e+01
   5.1475283e+00
   5.1590883e+00
  -3.6249234e+00
  -2.8425971e+00
  -3.7690325e+00
   1.4247965e+01
   5.2149653e+00
  -2.1393786e+00
   5.2364703e+00
   5.2470518e+00
  -4.1828942e+00
   1.2820332e+01
   5.2781407e+00
   5.2882925e+00
   5.2983424e+00
