   0.0000000e+00
   8.8137359e-01
   1.4436355e+00
  -5.9715177e+00
   2.0947125e+00
   1.1304578e+01
   2.4917799e+00
   2.6441208e+00
   2.7764723e+00
   2.8934440e+00
   2.9982230e+00
   3.0931022e+00
   3.1797854e+00
   3.2595726e+00
   3.3334776e+00
   5.9310916e+00
   7.3015800e+00
   3.5272245e+00
   3.5842897e+00
   3.6382780e+00
   3.6895039e+00
   3.7382360e+00
   3.7847058e+00
   3.8291137e+00
   3.8716348e+00
   3.9124228e+00
   3.9516133e+00
   3.9893268e+00
   4.0256704e+00
   4.0607401e+00
   4.0946222e+00
   1.6476201e+00
   4.1591271e+00
   4.1898842e+00
   4.2197239e+00
   2.2866890e+00
   4.2768590e+00
   4.3042477e+00
   4.3309064e+00
   4.3568732e+00
   4.3821828e+00
   4.4068679e+00
   4.4309585e+00
   4.4544825e+00
   4.4774659e+00
   4.4999331e+00
   4.5219067e+00
   4.5434079e+00
   2.6173679e-01
   4.5850716e+00
   4.6052702e+00
   4.6250689e+00
   4.6444833e+00
   4.6635281e+00
   9.7438120e+00
   4.7005630e+00
   4.7185786e+00
   4.7362754e+00
   4.7536645e+00
   4.7707564e+00
   4.7875612e+00
   4.8040882e+00
   4.8203466e+00
   4.8363449e+00
   4.8520913e+00
   4.8675936e+00
   4.8828593e+00
   4.8978955e+00
   4.9127089e+00
   4.9273062e+00
   4.9416934e+00
   4.9558766e+00
   4.9698615e+00
   4.9836535e+00
   4.9972579e+00
  -1.3977710e+00
   1.2111977e+01
   5.0369948e+00
   5.0498971e+00
   5.0626351e+00
   5.0752129e+00
   5.0876344e+00
   5.0999036e+00
   5.1120241e+00
   5.1239994e+00
   5.1358330e+00
   5.1475283e+00
   5.1590883e+00
   5.1705163e+00
   5.1818151e+00
   5.1929877e+00
   5.2040369e+00
   5.2149653e+00
   5.2257756e+00
   5.2364703e+00
   5.2470518e+00
   5.2575225e+00
   5.2678847e+00
   5.2781407e+00
   5.2882925e+00
   5.2983424e+00
