  -1.5878050e+01
   8.8137359e-01
  -8.0134130e+00
   1.8184465e+00
   1.2378054e+01
  -3.2803491e+00
   2.4917799e+00
   9.6692509e+00
   2.7764723e+00
  -1.1514627e-01
   2.9982230e+00
   7.4555930e+00
   3.1797854e+00
   3.2595726e+00
   3.3334776e+00
   3.4023066e+00
   3.4667110e+00
   3.5272245e+00
   6.5475478e+00
   3.6382780e+00
   4.2216289e+00
   3.7382360e+00
   3.7847058e+00
   3.8314655e+00
   5.2138416e+00
   3.9124228e+00
   3.2227898e+00
   4.9418064e+00
   4.3343675e+00
   6.2440494e+00
   4.0946222e+00
   4.1273944e+00
   2.1996638e+00
   4.1898842e+00
   4.2197239e+00
   6.7393616e+00
   4.2768590e+00
   4.3042477e+00
   4.3309064e+00
   4.3568732e+00
   4.3821828e+00
   4.4068679e+00
   4.4309585e+00
   7.4344353e-01
   8.1353230e+00
   4.4999331e+00
   8.6327981e+00
   4.5434079e+00
   4.5644567e+00
   4.5850716e+00
   4.6052702e+00
   4.6250689e+00
   4.6444833e+00
   9.7006643e+00
  -2.6529693e-01
   4.7005630e+00
   4.7185786e+00
  -6.4590818e-01
   4.7536645e+00
   4.7707564e+00
   4.7875612e+00
   4.8040882e+00
   4.8203466e+00
  -1.4818822e+00
   4.8520913e+00
   1.1417467e+01
  -1.7801791e+00
   4.8978955e+00
  -1.0599872e+00
   4.9273062e+00
   1.2040869e+01
   4.9558766e+00
  -2.3381242e+00
   1.2393879e+01
   4.9972579e+00
   5.0106797e+00
  -1.4434340e+00
  -1.4885002e+00
   1.2291983e+01
   5.0626351e+00
   5.0752129e+00
   5.0876344e+00
   5.0999036e+00
   5.1120241e+00
   5.1239994e+00
   5.1358330e+00
   5.1475283e+00
  -2.7305449e+00
   5.1705163e+00
   1.4061013e+01
  -2.0263325e+00
   1.3360233e+01
   5.2149653e+00
   1.4430853e+01
   5.2364703e+00
   1.3658344e+01
   5.2575225e+00
   5.2678847e+00
   5.2781407e+00
   5.2882925e+00
   1.2986259e+01
