   0.0000000e+00
  -1.1076503e+01
   1.4436355e+00
   1.3740155e+01
  -4.4664757e+00
   7.9052257e+00
  -8.5702533e+00
  -7.2886093e+00
   2.7764723e+00
   2.8934440e+00
   7.9233854e+00
   3.0931022e+00
  -2.7820630e+00
   3.2595726e+00
   4.3848864e+00
   3.4023066e+00
   3.9255243e+00
   3.5272245e+00
   3.5842897e+00
   4.7676582e+00
   3.6895039e+00
   4.4871116e+00
   4.7402698e+00
   3.8291137e+00
   3.8716348e+00
   3.9124228e+00
   3.2227898e+00
   2.1236496e+00
   1.9983441e+00
   2.6847511e+00
   1.7606121e+00
   1.6476201e+00
   1.5382121e+00
   2.0480190e+00
   4.2197239e+00
   2.2866890e+00
   7.4214220e+00
   6.6780383e+00
   4.3309064e+00
   4.3568732e+00
   4.3821828e+00
   4.4068679e+00
   4.4309585e+00
   7.4344353e-01
   4.4774659e+00
   5.1935389e-01
   4.5219067e+00
   4.5434079e+00
   4.5644567e+00
   4.5850716e+00
   9.2105405e+00
   4.6250689e+00
   9.5404404e+00
   9.5279179e+00
   9.6297307e+00
  -3.2855062e-01
  -3.9066480e-01
   4.7362754e+00
   1.0238972e+01
   1.0357426e+01
   4.7875612e+00
   4.8040882e+00
   1.0382234e+01
  -7.9669945e-01
   4.8520913e+00
   1.1028547e+01
  -1.7801791e+00
   4.8978955e+00
   4.9127089e+00
   4.9273062e+00
   4.9416934e+00
   4.9558766e+00
   4.9698615e+00
  -1.8655812e+00
   4.9972579e+00
  -1.9988311e+00
   5.0239238e+00
   5.0369948e+00
   5.0498971e+00
   5.0626351e+00
   1.3164169e+01
  -1.6630954e+00
  -3.1720842e+00
  -1.7471862e+00
  -1.7884746e+00
   1.2887553e+01
  -2.6735495e+00
   5.1590883e+00
   1.3127922e+01
   5.1818151e+00
  -3.7690325e+00
   5.2040369e+00
   5.2149653e+00
   5.2257756e+00
   5.2364703e+00
   5.2470518e+00
   5.2575225e+00
   5.2678847e+00
   5.2781407e+00
  -4.3802222e+00
   1.4013808e+01
