5.453352315510519299e-02
-3.922156304947725380e-01
5.545168292964471751e-02
-3.916871921323649146e-04
6.030872439040282917e-02
-1.977944972335504356e-02
8.135426587637432927e-02
-7.180835251499005645e-02
-1.364014965551682834e-01
-3.021326031392861378e-01
1.725661275030176012e-03
-3.184266639364374818e-01
9.246446957061413285e-02
1.568882284755072964e+00
3.452334729198935220e-02
-2.750733306549233426e-01
-9.658216848781264957e-04
2.448337098230353149e+03
-3.613131516516902564e-01
2.629478927605990914e-03
