1.442939504518064853e-01
3.349905597467779939e-01
-8.792712363287907840e-01
2.422908581546854290e-01
1.274778406680193432e-01
1.891236401703818570e-01
-5.027330138794049441e-01
-9.950159573476805575e-01
-8.698166358918805185e-01
-3.076408100313352545e-01
-7.745915472217795861e-01
6.163614163227631483e-03
-2.484172289316160520e-01
9.059815184625820139e-01
1.897270308744456180e-01
8.379449165721677417e-01
8.897445525594966931e-01
9.654759347999599672e-01
-5.319433799020272247e-01
-7.634979591089249285e-01
