-4.314260591160685165e-01
-2.384813244641410979e+00
-1.071081272472944462e-01
-7.221893082911878814e-02
-4.278135559792416998e-01
-4.121541743730797180e-01
-2.252048261704752141e-01
-8.032005863362791098e-01
-1.141500665501661071e+00
-1.830130583982304104e+00
5.763641571219191989e-02
-3.689418807717079751e-01
-3.094745043154782937e-01
2.837404777202220174e+00
-4.393260720000518038e-01
-2.584851785619783016e+00
-1.043445073630076270e-01
1.286154229285042447e+02
-3.517064982432496767e-01
5.979661699503831945e-02
