-6.872462683542450712e-01
-1.551740367994519643e-01
1.656972821328157597e-01
1.164793600200405427e-01
-6.842747122391271697e-01
1.184311604033042808e+00
-7.606124719247212007e-02
2.718512322106983792e+00
3.861003208946386600e+00
4.151121993128299437e+00
2.114885229285973223e-02
1.489548349641137692e-01
-3.279711483200992150e-01
-1.083932543905073942e+01
-6.802618043112400592e-01
-7.052234527677596176e+00
1.885078617841123017e-01
6.112564411889900384e+02
2.684747866161757424e-01
3.923356485411687300e-02
