-4.568643828057251249e-02
3.799620338163213873e+00
-5.192428116478302602e-01
2.036855957256917260e-01
7.825888919099403763e-05
1.059157157622967027e+00
-2.899718941152095164e-01
1.782612125929574853e+00
2.335788495931923059e+00
3.373369002807586448e+00
-2.645793368182529082e-01
-8.049668475151527947e-02
-2.949659828724812138e-01
-1.469273493711298428e+01
-3.910362899711026241e-01
5.097625652141360320e+00
2.189419997487905001e-01
7.141129834626710362e+03
3.207663282448514064e-02
-1.967790890764158362e-01
