-4.864056214810263956e-01
-5.115157789618858253e-01
-3.839761826153554325e-01
4.998158011718443344e-02
-4.854228220947017780e-01
6.665499060829964406e-02
-4.350471504937408751e-01
-8.690409699096751650e-02
-1.471532543418888339e-01
-9.487514842735046416e-01
-1.115436546170535115e-01
-5.119051139477891477e-01
-4.596622304341950738e-01
5.722173570412100396e+00
-4.891365086668363893e-01
8.875036946956962325e-01
6.317470596265062355e-02
1.849422902554173476e+01
-5.144332597828237263e-01
-1.304719945518131308e-01
