-1.570762907964091903e+00
8.490991637251863011e+00
-1.796980915398114775e-01
3.284727358923715708e-03
-1.494636511802349021e+00
4.454767726404784689e-01
-3.577590056407728980e-01
2.797126056368294478e+00
5.591403030351133729e+00
4.085330629701407368e+00
-6.626788171545448629e-03
-4.146356502575179181e-01
-5.759668272832630942e-01
-1.458257948848323693e+01
-1.788492324213543760e+00
-7.181521990272792699e+00
9.179886386602116588e-03
8.087265158454938785e+01
-2.868567994664026483e-02
-9.576001990680378662e-03
