4.993011529487541900e+00
-1.771680762464587033e+01
-1.781507545217707378e+00
-8.974480576887802208e-01
6.131290389755708503e+00
-5.592321665682616905e-01
-2.372545179615801469e+00
-1.065197180442231328e+00
-1.468867302785864970e+00
-2.069871539614020595e+00
-1.199139068444175171e+00
4.800270670036272391e-01
-3.823455174429311043e+00
1.309573549397697789e+01
3.043075274048899104e+00
1.290634024410083391e+01
-8.772859646760017283e-01
1.180978113671608210e+00
-1.539928825906865306e+00
-1.237033377750361707e+00
