-5.637442079156474994e-01
1.238383642690539910e+00
3.119994856703731112e-01
1.085971513898372799e-02
-5.255528924688761538e-01
1.425257388901496614e-01
3.587307601097816656e-01
2.315997773483808586e-01
4.339172070058556208e-01
8.273247222251105537e-01
2.198122112538155107e-02
-4.595093435190414910e-01
1.534468748386355885e-01
2.593993997611032665e+00
-6.643958937704509404e-01
1.623545556092850228e+00
1.018986008611798798e-02
4.144156734132650399e+00
-3.203189202024342430e-01
2.520186382626937727e-02
