-3.542004086328406909e-01
1.356470691073644153e+00
-1.372162434123889441e-01
1.124905696120038767e-01
-3.437670629970339120e-01
3.759622550656981921e-01
-8.318079338240108589e-02
5.597959818750594119e-01
7.080556343452220069e-01
1.030484394049000718e+00
-1.748398097951048558e-01
-7.444946111323248739e-02
-1.248767119228612610e-01
2.571553934484072101e+00
-3.778873524604273171e-01
1.620795201287003051e+00
1.503399560321586337e-01
3.747736620404731767e+00
-3.743262212219269740e-03
-1.960833669010729752e-01
