-1.771578165403313865e-01
-3.700696795717765664e+00
-5.083442291474572494e-01
1.009418124484837143e-01
-1.909126707152576097e-01
2.480573724157218163e-01
-2.993638045630399314e-02
5.207310062439731713e-01
1.164385712969340930e-01
-3.647126702546303334e-01
-5.276552785524581124e-02
-2.965242404645877794e-02
2.117496161727910886e-01
-8.309777135873472886e-01
-7.413028146089734038e-02
-1.843032145187092075e-01
-2.243796533638581225e-01
-1.016068680498154464e+01
-8.978348773004153627e-02
-1.614962216173630727e-01
