-7.954769499866937155e-02
-1.297858225109563390e+00
-2.940279230073852140e-02
3.565141701702515833e-04
-9.866104268177403047e-02
1.088218181271177060e-02
-2.251251332710449415e-02
9.253300725172651509e-02
1.630636762069936629e-01
2.080894691099161864e-01
-1.572966019859838678e-03
-3.424057852935047559e-03
1.409105741334109457e-03
-5.536351125730680500e-02
-4.850219979386392877e-02
1.382125338867207098e+01
1.030883107239805594e-03
-7.211055438364979864e+01
-1.289775987666655658e-03
-2.153904741716934287e-03
