4.217442336815171999e-01
-6.787731509823852205e-01
3.812260102622267999e-01
-5.727200102129538506e-02
4.292707110670075377e-01
-2.149413356308195189e-01
4.521602118833514261e-01
-3.464570029238083215e-01
-4.455524506472521851e-01
-6.089064621924965559e-01
9.967678500495556759e-02
4.761724297892974689e-02
4.773666417860011890e-01
1.905451105837802972e+00
3.970468464694997812e-01
-6.436297932889311069e-01
-7.719902216031444830e-02
6.347971266285777347e+03
1.941654271383780805e-03
1.157712024063834305e-01
