2.147508084753043944e-01
2.780652200837482013e+01
-1.123301686686072642e+01
3.335066776934866306e-01
2.017128667090659355e-01
7.154369889866660781e-01
-7.006377379042831421e+00
-8.381657719379030647e-02
9.855412939337773537e+01
-3.350667560050898608e+00
3.124582063465545456e+00
1.536611290539166452e+00
1.945397976343960611e+00
-2.328025807975894566e+02
2.730109350294660508e-01
5.061868252696966053e+00
1.979962826020040256e-01
5.633232955540238507e+00
1.692515317906968964e+00
5.725066093433500924e+00
