-6.234350096599876601e-01
-1.500698964427860105e-01
5.372663653530218575e-01
-1.958056665245899719e-01
-5.591836074770395459e-01
2.109821325674463122e+00
7.858489225507319098e-01
1.817352460843178363e+00
-2.378024030486034501e-01
-2.751677259699577327e+00
-2.209405322048824782e+00
3.688677655358320706e+00
7.803182326075304154e-01
-3.036933499803343040e+00
-7.006674247272923761e-01
-7.714617279905392699e+00
2.028705192693425197e-01
-8.083923175215112167e+00
3.753230824830180445e+00
-2.195444520714799896e+00
