-2.422593998818924899e+00
-3.528417838700093068e+00
-6.734164320997543252e-01
-3.769813338286203686e-01
-2.525939868475394423e+00
-6.741370724690749494e-01
-1.628346950048218833e+00
2.317004570009096875e-01
1.827367880301991487e+00
-2.767709651626019340e+00
2.422819042609855866e-01
2.245535219183671452e-02
-2.447868400140366774e+00
3.890677730304893944e-01
-2.074089187832655501e+00
-1.790819946577209265e+01
-4.941055354240376229e-01
-4.525865951379771240e-02
3.876650445782973270e-02
2.365931090219095811e-01
