-3.670891510813944353e-02
5.924317545187310685e+00
-4.375146336801359337e-01
-6.672692282397834074e-01
-4.086103146529995733e-02
-9.031130814647247290e-03
-2.637710167774214298e-01
1.059126173609855392e+00
-9.275001255960718671e-01
2.049050949870526939e+00
-8.551674308753677289e-01
-1.685867709499932728e-04
-1.631319295702040872e-01
1.512530876905697541e+00
-2.632110385358998536e-02
8.412812540330444122e+00
-6.028387273541989666e-01
-9.921711085172596256e+01
-5.748987765525671607e-04
-8.485518066204429388e-01
