-1.125963321781965565e+00
-5.258873558683608174e+00
-1.164824695468767102e+00
3.139602428664832190e-01
-1.142567829362067577e+00
1.489250716446041789e+00
-1.275809036100053140e+00
2.806161763313208102e+00
3.937188335266697425e+00
4.012301250860092594e+00
-4.274787101261486866e-01
-4.166011495208319371e-01
-1.292445196388695816e+00
8.973700265814422039e+00
-1.073384769839107467e+00
1.105310218292783375e+01
4.368560020322765358e-01
3.965452627612594938e+01
-3.340421624764795538e-01
-4.851215921431721867e-01
