-1.576823701549080692e+00
-9.409893312728679904e-01
-7.865929904502608760e-01
4.605901848608775183e-03
-1.591167299208006591e+00
2.129655740823107324e-01
-1.230541041550728520e+00
6.677809484004810781e-01
1.051572934691147321e+00
1.079389894982636822e+00
-2.140115844254598595e-02
-6.060834601071799499e-01
-1.487216488275764581e+00
-1.049372263741122069e+01
-1.523135511191744840e+00
-4.460297303117593870e+00
1.126760031709123089e-02
6.953343101921645575e+04
-4.940908796455596441e-01
-3.279303868784931575e-02
