-9.712532557940989353e-02
-1.711769272323921731e+00
2.741463250598934892e-02
-2.104388238382942351e-04
-8.689877481214826338e-02
-1.459817371035888704e-02
3.358303507844442870e-02
-7.330646354770026241e-02
-1.800773218845233559e-01
-6.763900757871174063e-01
8.149870559493092945e-04
-3.875374208886765981e-01
2.106298836243304315e-02
-9.558266467630815555e+00
-1.286472133644372406e-01
-3.098373846056292624e+00
-5.355483003665652275e-04
3.375578248230492318e+04
-3.958468856251471379e-01
1.239310150324484609e-03
