1.766636781834374226e+00
-2.694294818901930455e+00
4.130854165936725941e-03
1.836804781769940664e-01
1.830417535373689564e+00
8.536512625685046540e-01
5.268010902080980662e-01
6.692126027986678993e-01
2.045675855578573676e-01
-1.049179354355926019e+00
-1.057795545826346828e+00
1.386537095577010703e+01
1.228974390991159016e+00
-6.748410278717308586e+00
1.438080938212023874e+00
-5.302669069622343301e+00
3.199763497486449726e-01
-9.524463080204951027e+00
7.360277671396286081e+00
-1.176901389519979357e+00
