-1.040753311633327405e+00
-1.540673907201222104e-01
-1.062851977563145089e+00
-1.110223879359716337e+00
-1.060617189068519872e+00
-1.686836265782212019e+00
-1.168953301678068435e+00
-2.552720864330666473e+00
-3.402046472377531217e+00
-4.189357006295063357e+00
-9.018163703008029719e-01
-1.564816852846342421e-01
-1.205338382681523823e+00
2.551094407929769758e+01
-9.761428110114759304e-01
8.915830750702911089e+00
-1.159422631810242521e+00
-1.354655829554842796e+02
-6.752715855037749737e-02
-8.954577771131512209e-01
