-7.851386105619455325e-02
1.040254012609211465e+01
-4.877034417195068999e-03
-1.097727955890244883e-01
-7.686721616526140388e-02
-1.284970142217276290e-01
-2.509307834008178348e-02
-4.038269425345007019e-02
1.378934775327831652e-01
8.453402695335524575e-01
-4.493419199763470234e-02
-1.123531841305320106e-01
-4.357015951610533622e-02
8.112308037629230029e+00
-8.306532433875396526e-02
9.466203470548054000e+00
-1.165718280766114417e-01
-1.272944644589467345e+02
-1.147650879923217543e-01
-3.882567153199809745e-02
