-5.123624737500870330e-01
3.088660597496762361e-01
-1.025468875529488288e-01
-3.483857675080161403e-03
-4.823165980623140281e-01
-6.280459562841088361e-02
-1.473618015620674904e-01
-2.190831029321425594e-01
-4.473079666955478984e-01
-8.532762981306675210e-01
-8.999080786904924481e-03
-1.328327329173875082e+00
-1.954360020803814213e-01
6.850470871142635865e+00
-6.075836173487517700e-01
1.211736326431834376e+00
-6.479366115664292672e-03
6.009554919435972664e+01
-1.326405026693940670e+00
-1.194351099436068327e-02
