-9.807414654334131177e-01
-2.437858721014958263e+00
7.151510517142849466e-01
6.464331148253640302e-01
-1.014671698466214078e+00
-4.042969958202722869e-01
-7.683083347965968812e-03
-1.475301218204235099e+00
-3.113683832492429193e+00
2.066052762350110150e-01
-1.145270441527108218e+00
5.548782523366342367e-01
6.850207308945415186e-01
3.908776559835312803e+00
-8.361736671213196859e-01
-4.146653282021967257e+00
1.296741815061406955e+00
2.677761800758869981e+01
6.257322857340374966e-01
2.993595151916725872e-01
