3.633453191847152430e-01
7.439786688426958783e+00
-5.794895039423926253e-01
1.003389129642182631e-01
3.909306504110224845e-01
5.035173416510325684e-01
-1.290718689314554135e+00
1.116146552375864687e+00
2.102983463265138298e+00
-5.051320457901921301e+00
-1.399889516272347922e-01
9.177713417092348003e-02
1.543659739494090211e+01
-4.167299947932741055e-01
2.986298243335786529e-01
-9.605659144517595394e+00
1.398666767384857401e-01
-2.553517680035206183e+00
8.331287416789179279e-02
-1.598884116543621836e-01
