-1.999039473533962830e-01
2.795346880948512691e+00
-1.181391448625795509e-01
-2.658726277323691066e-03
-1.969701870334118476e-01
-3.396718848357684756e-02
-1.551623823348582676e-01
-6.893256655479695905e-02
-4.861951773604081956e-02
5.544216040374675414e-01
-8.801105611285430300e-03
-4.706317495493979042e-01
-1.711195843928066118e-01
5.277456847089432301e+00
-2.103636412282069434e-01
6.074120576036878383e+00
-4.770328984227545713e-03
-1.920530188533965941e+02
-5.147408967303959137e-01
-1.192996232585944068e-02
