-1.269205994127147186e+00
2.113753384520977718e-01
-3.972686743642321883e-01
-1.340581674580492155e+00
-1.269486921010532399e+00
2.499984203678279560e+00
-2.000142178960201633e+00
-1.694205566444842770e+00
4.831500883033689187e-01
-4.216421465045960382e+00
-2.486102789992738593e+00
9.536545517710448561e-01
-2.261658232633376731e+00
-4.911119279695663309e+00
-1.177185539995119434e+00
-7.158898744102124567e+00
-2.173256406823296683e+00
-1.385136971751423296e+01
5.340494499716227361e-01
-2.773723674398721251e+00
