-8.390107477044679296e-01
3.408626770271387940e-01
-1.200615732911782807e+00
2.729986105082092829e-01
-8.539862200768086886e-01
1.048549027454283689e+00
-1.173582587001483324e+00
1.824324867303024345e+00
2.310056439666281936e+00
9.156751659368999041e-01
-4.554685974358197442e-01
-2.817160879168557619e-01
-1.087895252537735225e+00
-2.170307595368746334e+01
-7.947512752893131083e-01
9.837133198791127242e+00
3.680341516971089022e-01
-5.377635192699431244e+00
-2.075928633398158585e-01
-5.234733899122410161e-01
