9.979867222224788392e+00
-5.555689798791719980e+00
-1.571785458524463941e+00
-9.350006028014872239e-01
4.752419747898857594e+01
-5.934838640809614319e-01
-3.212155358088422119e+00
2.796149633307820626e-01
1.203074966581544558e+00
-2.307970688034443274e+00
-1.087137271744597733e+00
9.091347911016245398e-01
-1.492663304368204713e-01
1.886102890703853774e+01
2.326406840496237916e+00
1.123380771056506688e+01
-9.132221454668804084e-01
1.900291007731671300e+01
1.240154759666609596e+00
-1.089710054611320311e+00
