5.633558415445344414e-01
-6.340553462781843841e+00
-6.206206809934310398e-01
-9.174440922495258333e-01
4.693233203956571065e-01
-6.163433477449745679e-01
-8.523915955438299275e-01
-1.261783806493204763e+00
-2.971709353095930428e-01
-6.377898571378681325e+00
-5.855393913688201613e-01
-8.572754420684415066e+00
3.322454161765270975e+00
1.465778506016887661e+02
8.461803583531414263e-01
2.451155930207970357e+01
-7.377995972007637127e-01
-5.549746524845935447e+00
-2.953816021188540919e+00
-7.775791675150300897e-01
