1.304433728464862718e-02
-8.692105242967475220e+00
-1.037537782969433886e+00
1.387818521552831807e+00
-7.386569206632561052e-04
-2.135080626090009481e+00
5.059222393448326027e-01
1.438033081090325460e+00
5.581432963913701251e+00
3.505145286331157184e+00
-5.144724131852903559e-01
2.182406086603093653e-01
-1.102932521226711149e+00
-2.029359951043566213e+01
4.487712878512583464e-02
-5.453730235630100509e+00
-2.455150441667328653e-01
-4.772257883865333383e+02
2.389433039484025467e-01
-1.749449989133248007e+00
