-9.827629610047673436e-01
3.889987384289506078e+00
-9.369092566437717817e-01
3.116874203950589228e-01
-9.823879582653816112e-01
1.356159373443329486e+00
-9.718490276678853901e-01
2.276516808362143873e+00
2.931383879233665724e+00
3.846613787173253751e+00
-4.187567546989692802e-01
-9.445143656972851964e-01
-9.782033483266920904e-01
-7.252751577325041055e+00
-9.837966987524016105e-01
3.068360748452082287e+00
4.311434289534335496e-01
-1.385515315730618369e+01
-9.304062433744286764e-01
-4.719960764898255556e-01
