-7.846476137770452830e-01
6.213236054574962530e+00
-1.630585941351330392e+00
-9.654751820698607157e-01
-8.298944764667121055e-01
-1.078398538574032228e+00
-1.599732766563668473e+00
-9.924344170179949520e-01
-3.355313129935466598e-01
3.009617962160608506e+00
-1.149045152550644433e+00
4.048963089511521396e-01
-1.447072063858191537e+00
-1.563857882854346038e+01
-6.515002385259435203e-01
4.985654816366001718e+00
-9.649395328229349866e-01
1.144707196120901017e+03
4.949461813604287830e-01
-1.179407697536559718e+00
