-8.698242824226346537e-01
-4.322681526723441969e+00
-2.968117868458239328e-01
-6.362368530253026400e-02
-8.802162899846048827e-01
-4.293911499370461349e-01
-5.501135624387878398e-01
-1.031516409795070865e+00
-1.757716843220360925e+00
-3.865212699624295478e+00
4.117464134118151153e-02
9.300072706379010068e-01
-7.330169582243135640e-01
2.390289438435590696e+01
-8.217057941225736073e-01
9.616936838262457599e+00
-9.342105797655475552e-02
-3.327340036269786765e+02
1.222568963398451336e+00
4.017085870545684251e-02
