2.259117008108090907e+00
1.258382936185701295e+00
3.447273708460348862e-01
7.204348366945551030e-02
-3.567967957088569175e-02
3.054567160982669116e-01
1.450128207929586521e+00
5.136896908398288497e-01
6.750534041891941284e-01
9.840285127763850337e-01
-9.601530193504824451e-02
7.959151279308829263e-01
1.623362856164402235e+00
2.030821550812674126e+00
2.334550662529823573e+00
1.460496200283421420e+00
9.925787866932075931e-02
2.262360581999815157e+00
-2.951945802859956558e-03
-1.070243632222748209e-01
