-1.162341782236912868e+00
6.273228607964387749e+00
-5.537327792756077116e-01
-5.134687939028593773e-01
-8.552373375717516879e-01
-3.706559546905136004e-01
-5.563590894562513434e-01
1.200601309576147524e-01
1.872350696349475152e-01
6.238582692845882072e-01
-5.600469400214015403e-01
-4.715899364227488788e-01
-5.645501176582998770e-01
3.645503450732529238e+00
-1.318893381562638023e-01
9.086563594212535122e+00
-5.010009276021543112e-01
6.043278597233707750e+00
-4.671016926935245839e-01
-5.609410785283100997e-01
