-1.059766531359407349e+00
-1.697705290737076655e+00
-8.904584939990174419e-01
-1.396045196898493934e+00
-1.105148552711997079e+00
-6.841829916834172298e-01
-1.850465903472763074e+00
-1.478942920656124205e+00
7.055768841385665624e-01
-2.413690610902221145e+00
-4.594922734295531219e-01
4.429119627076321120e-01
-1.553594978865744380e+00
1.835202062888553343e+01
-9.173084962149901100e-01
9.188872032715435623e+00
-7.988069105778505818e-01
7.795612310433364112e-02
5.704233126321779368e-01
-1.088497314395421522e+00
