-3.385975149875826151e-01
1.508621242607601332e+00
4.355794892670976082e-01
5.893818370630538039e-01
-3.211369263357033432e-01
7.652639597875848798e-01
3.879866541063573537e-01
1.013890879202750783e+00
1.192787776920536613e+00
1.362652101526185433e+00
4.605968482013516052e-01
-2.248376080314324899e-01
1.902264632421315493e-01
2.218099368652823422e+00
-3.778432403590652466e-01
1.673059125465857999e+00
6.073206968333167977e-01
2.394934255533323508e+00
-1.807860537544410118e-01
4.482907399714777807e-01
