-5.514604632002529511e-02
1.207834277060606532e+00
-9.049474763511897862e-03
3.599413772719590315e-02
-4.991597850052675173e-02
1.904547416234582680e-01
8.594140455533390635e-03
3.652519565743392871e-01
5.203231412592850269e-01
8.603179881819840169e-01
-3.576185058198030897e-02
-1.912147651698918316e-01
6.825524991952425929e-03
2.517474351480684103e+00
-7.092351612735871280e-02
1.492566107377405693e+00
5.123845603753626049e-02
3.862040206263921416e+00
-1.982573749258949858e-01
-3.864147137576550567e-02
