-7.777339619240213331e-01
5.605167809570058779e+00
-5.741289943458260936e-01
1.174115559427958283e-01
-7.654433264379804092e-01
4.542720917264485014e-01
-6.344976309164488404e-01
7.477933678910595461e-01
1.032607767020536471e+00
2.340409659326562863e+00
-1.878672550299502197e-01
-9.454212213674718646e-01
-6.588397727443275897e-01
-1.993638975956946169e+01
-8.170961154255418357e-01
8.177467241530811393e+00
1.593253458959723590e-01
1.013747306849622532e+03
-8.779867758590843563e-01
-2.158168585003657214e-01
