-1.475892336462429899e-01
-1.087550861614640318e+00
1.253740096053552744e-01
-6.376270683574684905e-02
-1.380240110835753153e-01
-2.940380773459533303e-01
7.474685133607006371e-02
-5.139082432243424758e-01
-6.801607276742367425e-01
-9.508896311623574737e-01
8.028061290178228893e-02
-3.374828463522406286e-01
1.598459377755812039e-02
1.898760812734044068e+00
-1.748692056339470335e-01
-1.083958871812972902e+00
-8.888575871773200798e-02
1.071852429109041441e+04
-3.440155148794398765e-01
8.979184407074228269e-02
