-1.557890264859657092e-01
1.256757897586181949e+00
2.880320431852320673e-01
1.863471891385886092e-01
-1.319544309768462265e-01
3.489585673940840405e-01
2.396753029360277898e-01
5.246029359171020534e-01
6.707157201360360865e-01
9.683811295018269760e-01
1.280590367656253004e-01
-2.843793254649253921e-01
1.618433345330971829e-02
2.500598541935403762e+00
-1.635192872250480489e-01
1.493137708987967383e+00
2.021795852590687059e-01
5.617875254752815906e+00
-2.874888276071254634e-01
1.294334629564848904e-01
