-6.956408819780213193e-01
1.760147605298337581e+00
-2.432091772671197472e+00
1.540104940007144263e-01
-7.675000161611528204e-01
-3.002131592711585917e+00
-2.303584163126926043e+00
-6.805533643798774790e+00
-9.412139041835262177e+00
-8.721872458023479879e+00
2.600512386604454940e-01
5.018552285983075567e-01
-1.913444065557113660e+00
7.704276547489444127e+00
-4.927808057821260190e-01
1.227448637242497398e+01
-9.312718525155114224e-02
-2.638492544658829431e+01
5.130840352862066078e-01
1.180438179804830928e-01
