-2.677604411263428963e-01
-9.148056782503612983e-01
9.403369433392538834e-02
-6.792509347377591322e-02
-2.559007427530124446e-01
-4.154333790856793440e-01
2.413235046911837989e-02
-9.789106924196724346e-01
-1.578122461502164287e+00
-2.368992172955207032e+00
7.486709565895025009e-02
-4.823541306438327569e-01
-5.527005487820391139e-02
-8.179597894602195218e-01
-3.010514439309325274e-01
1.693092813353508141e+00
-9.728074234832424783e-02
2.798567270457282596e+00
-4.904687074477312447e-01
8.306783597596578694e-02
