6.228331897067721501e-01
2.766551354421705522e+00
-1.764991142906207067e+00
-2.001892309535619585e+00
4.316252969014119367e-01
-9.149485262088411508e-01
-3.421981878244413355e+00
3.213165570610304056e-01
1.726065679168242939e+00
1.498023421983131209e+00
-2.427676956365605321e+00
1.661819304002432052e-01
-3.206820489450399325e+00
8.802607867540414688e+00
1.004321424982878241e+00
7.872593089581829240e+00
-1.867230377436583266e+00
4.890616944132607280e+00
1.009995766791929928e+00
-2.320118093500635581e+00
