-1.411742506170990952e-01
5.462617003850579245e+00
-2.589018954200647538e-01
6.404227962940836627e-02
-1.672510403605756979e-01
3.351487277733228298e-01
-3.681046301199965565e-01
8.104617473896540414e-01
1.531103344886124429e+00
4.131736623669143960e+00
-8.105789042792152510e-02
-7.493614868611264690e-01
-4.116770980679724246e-01
-1.284797263160692005e+01
-6.823340691789891999e-02
3.115580705774251946e+00
8.967989049187675976e-02
9.110329639144283931e+01
-9.494850225022570811e-01
-9.104906186963261649e-02
