-8.596713189885024642e-01
6.689709563893965871e+00
-3.787927897475192873e-01
1.992140158411808415e-01
-1.036500501934301655e+00
9.653420713745122228e-01
-3.664161395911466057e-01
1.772617933855824113e+00
2.488193876483912437e+00
4.264861519301546444e+00
-2.344631336372808850e-01
-6.073964573698760194e-01
-3.813656514160282396e-01
-1.310106652881926337e+01
-4.842545700702688971e-01
5.273963886211052277e+00
2.796463001011564309e-01
-1.129032552854978277e+01
-3.752105366448813539e-01
-2.602457350408606818e-01
