-1.790648718352434665e+00
1.309970522178236063e+00
2.372713614134301263e+00
1.573595930585409974e-02
-1.896310077796383275e+00
1.806064942428479425e-01
6.606514375185206234e+00
3.920288248635172557e-01
5.754047618684302590e-01
9.537202640480488824e-01
6.141360614674452878e-02
-3.984364064595909971e-01
-2.256438948006746870e+01
2.465778982232923244e+00
-1.529692674011509324e+00
1.583224324995493815e+00
2.790490537361467807e-02
3.465222185368459495e+00
-3.280278291470046237e-01
8.723277565729453675e-02
