-1.862046703186767127e-01
2.524128654983038289e-01
-1.428185039939124101e-02
-5.339183062898734666e-09
-1.647553231172638744e-01
-1.390976293517475555e-04
-5.739112939815559783e-02
-3.851813108300990510e-03
-2.096911949688735205e-02
-2.167809410911222812e-01
-4.425764875358618399e-07
-1.194306174097384821e+00
-9.906036450086720679e-02
1.897909209432232558e+01
-2.848637187027214246e-01
1.108818496254092523e+01
-5.653650642982802050e-08
-4.757010486655248371e+01
-8.492260573443822791e-01
-1.438124800095034778e-06
