-9.543879618866069059e-02
1.315710404131458677e+00
1.482116983392292586e-01
6.275459748990616649e-03
-8.525461659393696046e-02
1.286064922417418654e-01
1.273210397992016185e-01
3.245402778404922195e-01
5.105006791413947420e-01
9.174777155593678568e-01
2.721595650518046638e-02
-2.349937041889180733e-01
7.720811688169670894e-02
2.613961992860556194e+00
-1.239060582677335987e-01
1.625973908469759976e+00
1.320031981346468652e-02
3.576137327553074119e+00
-2.313448190094453683e-01
3.460908676714444243e-02
