-5.834271836503055475e-01
-4.472980349097890329e-01
-7.312931291416006063e-01
1.288709381177948643e+00
-6.568177302052384814e-01
2.063853999737966127e+00
-1.130328618496317716e+00
2.603267817537236795e+00
2.874979067336991712e+00
2.507806346026814737e+00
5.150975439507781140e-01
-7.555463910609021561e-01
-1.364900855192240359e+00
-1.106808035176632821e+01
-7.341434971387338360e-01
-6.134862747788787374e+00
1.389611399379231171e+00
9.088920751137752632e+02
-8.227713105551025530e-01
4.398594381652246588e-01
