-2.090368619600290856e+01
-1.340388327212567710e+01
-5.853205781951276165e-01
-3.637911016625187122e-01
-2.455946541002645489e+01
1.501573916718328405e+00
-1.551061750490358104e+00
-3.602983670198820487e-01
-1.348686305644169137e+00
-4.122177723303463992e+00
-1.812582923563616610e+00
1.165298110415647237e+00
-7.631791371073115560e-01
6.193908149874182811e+00
-1.447722832190355291e+01
3.381013168293295479e+01
-1.009949760607091074e+00
3.046520853875159141e+00
5.132608760012263183e+00
-1.176255747683230490e+00
