-1.517970573123850743e-12
-1.031358096629427496e-12
-6.494044518613469416e-27
-3.886092686839115258e-77
-9.070509116785043144e-13
-1.514739398247306153e-42
-4.833990030576095033e-21
-3.616463160068529014e-31
-1.989286096237050335e-25
-1.037598234656486314e-17
-1.479606797371757574e-62
-6.987672726976764551e-09
-1.094006333155150735e-17
-1.019625254304544204e-01
-6.142626071055659331e-12
-1.243134152977707420e-09
-3.803706191039763628e-69
-6.301134956735546701e+06
-9.495519284146163826e-09
-1.325930789897529899e-58
