-1.178956968257260485e+00
-9.803338562871389827e-01
-1.133534076577720651e+00
-1.148770713101202379e+00
-1.195046930974637434e+00
-1.919235081780565233e+00
-1.252730276605048765e+00
-2.865696376903829723e+00
-3.640355302582702013e+00
-3.811476650857645421e+00
-8.896493927559065984e-01
-3.820348342580591194e-01
-1.298114586467655984e+00
1.998742758086764937e+01
-1.125915196026199716e+00
1.130354828110872845e+01
-1.217225010763030468e+00
1.052219288582235457e+00
-2.899750609206286911e-01
-8.860829963440258750e-01
