-1.139216460431022870e-01
1.305662540068885269e+00
-1.819321899664649023e-01
6.218747924977487129e-02
-1.167050482724275584e-01
2.734947101459860863e-01
-1.749080323851674446e-01
4.750863341025922670e-01
6.397708601536707951e-01
9.776363699807735230e-01
-8.433238805033108076e-02
-4.872741560589732845e-02
-1.601039435455047233e-01
2.482831259090116482e+00
-1.059103296202211775e-01
1.567343092595026910e+00
8.600201812684855895e-02
3.652449401279674657e+00
-4.431807954777433611e-02
-9.514905036314162678e-02
