6.483968204155219350e-01
-3.084779216379624600e+00
-1.154273136267787159e+00
2.363270996814859359e-01
1.507540784534086908e+00
9.091900271578653436e-01
1.032932623765148783e+01
-1.992837358522470126e+00
2.501819083435753210e+00
-4.125188176200427215e+00
3.189905304192038327e-01
-1.627838945933808068e+00
-4.241853976927584924e+00
1.689263674118670622e+01
3.005914720050526956e+00
8.633633120029339025e+00
5.084207206285007441e-01
2.693828813752741524e+00
-3.724843696049429109e-01
-3.474020524102569007e-01
