-1.393637723062875811e+00
1.160935113478310043e+01
-3.883285186024938995e-01
-1.132116842472473232e-02
-1.387325048588923915e+00
-2.416053463708958682e-01
-7.136235170034989084e-01
-8.985477204283585095e-01
-1.869893014241975404e+00
-7.282658500397407586e-01
-2.440465189109668198e-02
-6.998967716564667985e-01
-9.973972316530619331e-01
-8.885985423490321722e+00
-1.398729606636969658e+00
-6.186466508261903030e+00
-2.164638235356909635e-02
9.006385455358810077e+01
-5.671821012656522720e-01
-3.213023261838483108e-02
