-6.292443909402112290e+00
-3.082130471652972048e+00
-2.199175290114944170e-01
-1.171807967379925319e+00
-7.768734226663996267e+00
6.389944547162662580e-02
7.575910837049149027e-01
-7.975974065548832037e-01
-4.470842306721664050e-01
-2.287962188332142710e-01
-1.303435813420919187e+00
2.369221793556799405e-01
2.235879437173114770e+00
4.342166626086256542e+01
-3.943680615600166028e+00
1.915690552528820234e+01
-1.290723048802442374e+00
1.485570643973261262e+01
4.111340445708342450e-01
-1.263365139082141653e+00
