-5.104243936358303646e-01
-7.740157669557565789e-01
-1.009336226833366240e-01
-1.748831577384140452e-04
-4.992219070542593395e-01
-4.976019093927094850e-02
-2.020982094569574727e-01
-4.017851669780758139e-01
-1.225481134189081889e+00
-3.668871615928416485e+00
-9.576759391558250026e-04
-6.461731267565296033e-01
-2.957013644717886858e-01
8.071379000930040348e+00
-5.414166315962387621e-01
3.863373012652182581e+00
-6.112733018430627652e-04
1.058984275230731669e+02
-6.331237209837358160e-01
-1.651285023257446048e-03
