1.438943129115607678e-01
1.838336496798772757e+00
2.185587423549477035e-02
1.754183225117906500e-05
1.407152751044220551e-01
3.549904459868426752e-03
4.946225653856861637e-02
2.238024839231122012e-02
5.975814993405986764e-02
2.714481763776739331e-01
1.321281350253572073e-04
1.477946060784204041e-01
7.771402722038339705e-02
-5.676709648285759613e+01
1.522553302715851653e-01
-8.937547399047589547e-01
5.870446259229183668e-05
5.365116148156351983e+02
1.386620116492645882e-01
2.346177979063829809e-04
