-9.191924275905617447e-01
7.936000855323672720e-01
-1.313580614778925015e-01
5.934180125563416706e-04
-8.947242080065928027e-01
3.391286319742802674e-02
-2.698236849572197005e-01
1.466085891229974569e-01
3.230991345308954488e-01
8.883741250071701678e-01
-2.663664780298131713e-03
5.102294262706557060e-01
-4.296794333921025721e-01
5.778167012208383468e+00
-9.758522367465233271e-01
-8.589390771062944685e-01
1.475246405527088842e-03
-1.233540261280285364e+02
7.516600857474314834e-01
-4.098526308223241973e-03
