-1.689017737663556229e-02
1.192351856222101159e+00
8.319552345454372944e-02
1.592851151755646233e-02
-1.114526545720084805e-02
1.319771311873312869e-01
5.990167720573491561e-02
2.962859128256527530e-01
4.540281151679659843e-01
8.158050279573590968e-01
1.941514992473636347e-03
-2.061629911445670427e-01
4.887306292888571324e-02
2.615192540321395587e+00
-3.469675313620645962e-02
1.501807175993339349e+00
2.480689320488160821e-02
3.955275634831910470e+00
-2.207511797486952920e-01
5.091956467255229213e-03
