-1.815126285279433926e-01
1.340920693610536674e+00
2.019544094310572746e-01
5.740149456571632010e-03
-1.755209943306686726e-01
9.784352596846454531e-02
-6.678794273766511247e-02
3.163000096475234724e-01
4.697765721636928959e-01
9.171352778486256963e-01
2.369997811565742116e-02
-2.895559065252054087e-01
-9.731679102374449220e-02
2.547657047283518494e+00
-1.989029830285881095e-01
1.639971155625753685e+00
1.514322580664447665e-02
3.911699319550985710e+00
-2.894990528138987051e-01
3.194251928139427849e-02
