-5.711967196506253369e-02
-1.245806476458273665e-01
-3.521572589197761050e-03
-7.297488760890420941e-08
-5.492725022889628772e-02
-1.721661059035838536e-04
-1.149645418808107299e-02
-2.205145270512405380e-03
-7.905060803281630660e-03
-4.290958071514835298e-02
-1.685415006542658649e-06
-9.953502673993019911e-02
-2.211005071757608104e-02
-2.290775721954558530e-01
-6.342395812394935328e-02
-2.353891423069698619e-01
-4.374727649688968811e-07
5.185170498338686884e+05
-1.003992704131102531e-01
-4.011364772285231510e-06
