3.237153299818810170e-01
1.412772149599251570e+00
4.296498170269841266e-01
-1.716119193793305686e-02
3.305096457302135748e-01
1.945417466161233899e-01
4.960535260791901768e-01
3.604305305225701805e-01
5.065687548175226151e-01
9.348180779500672166e-01
-2.401851586777665193e-01
1.676427542299707696e-01
4.483912317938564263e-01
1.826652463504531587e+00
3.043982618071265911e-01
1.616059140642421621e+00
1.147169871668859975e-02
1.991693451921987545e+00
1.563510599762033548e-01
-2.559368719757483257e-01
