3.631086308723012301e+00
-2.818933000432093827e+00
-1.620525323408595453e+00
-8.181319023011430769e-01
5.871595546133426602e+00
-5.005599195455934236e-02
-1.619523347096544885e+00
2.252234693212717076e+00
-1.617843120799794976e+00
-9.104373016930601636e+00
-1.236914733285433332e+00
8.419133226503306977e-01
-2.067073120883559323e+00
1.555127847768563498e+01
1.380146120984709679e+00
-4.149594624055514913e+01
-7.453771632896771804e-01
-7.803135378393728061e+00
-3.589518030929598202e-01
-1.267463154273969383e+00
