1.649482275466955805e-01
-9.016150702316043652e-01
2.258926710622923550e-01
-6.029186215678261629e-02
1.689122987303189327e-01
-2.441562130504364714e-01
2.308897901183698531e-01
-3.983086283108265291e-01
-5.128183175000265992e-01
-7.228782916551598214e-01
8.897103012514447073e-02
4.536281260967112150e-02
2.202660210216554892e-01
1.508908468703506145e+00
1.531159518234397887e-01
-1.032372031231888254e+00
-8.249030524163972200e-02
2.570928158531703230e+04
3.440471952312396109e-02
1.012493452823814560e-01
