-1.569074113276241134e+00
2.620986396643834482e+00
-2.353787513298287060e+00
2.974651303688912174e-01
4.983249513170162626e-01
-8.577535669869220669e-01
-2.356483415680423299e+00
2.447769927241079113e-01
2.011996038831889155e-01
-7.302586887878450561e-01
2.845052024209693275e-01
-2.732484957511458035e+00
-3.478248553423070266e+00
-1.093415531513445593e+01
-1.246510408006024750e+00
1.205249046450554573e+01
2.601698707321849824e+00
1.203585357198647010e+01
-2.338456417836520806e+00
6.141120910724895410e-01
