-2.080937857440968930e+00
1.180633154802059881e+00
5.129446349700881314e-01
7.691538077568011572e-05
-2.153229888102192735e+00
1.386236032416285346e-02
3.086403419816895166e+01
7.919800321191503012e-02
1.909764731984524844e-01
6.011153548827222748e-01
5.844685871204148824e-04
-5.754161275367261075e-01
-4.901536321701625454e+00
2.629135463176901055e+00
-1.883378438322826698e+00
1.675431349934140446e+00
2.536643617134854605e-04
5.370196558062767522e+00
-4.800071643687129352e-01
1.002540883503514604e-03
