-2.640690469034518983e-01
1.547888445243006839e+00
1.521050136769218408e+00
-2.792829039331792308e-04
-2.365086086100597063e-01
9.755184683549501801e-02
1.396864653259041189e+00
2.548767264472754368e-01
-4.133321304993632372e-01
3.217599020668822640e-01
-5.551812837477272666e-02
-1.575996635597499695e-01
7.246249922350633810e-01
2.904286898848874365e+00
-3.274490267582602088e-01
2.288204827298327082e+00
6.636804914139511624e-02
2.071102052107121949e+00
-8.601122023434992769e-02
1.831775739888825416e-01
