-6.086398461476213440e-01
1.394145067949924321e+00
5.564792382166798834e-01
1.062394502612976216e-01
-4.602810732986293285e-01
2.433901928888488331e-01
-4.356199465677809135e-01
4.556037232731737774e-01
6.513449827123393154e-01
1.042979653182183331e+00
-7.618766094052217830e-02
-2.224604539284837645e-01
2.109361197174705715e+00
2.437855632144762641e+00
-5.980312635792146558e-01
1.650894859566589323e+00
2.259398652851034028e-01
3.201281940576786500e+00
-1.282028952653588849e-01
-1.117411392213125965e-01
