3.233780067925332347e+00
-8.657705519457234544e+00
-1.122256537601014070e+00
-6.900243974868467411e-01
3.234044612971513910e+00
1.850466395238798301e+00
-2.762115965750450819e+00
2.445818437932896217e+00
1.615115104550973069e+00
-5.715970711652443192e+00
-7.811341162799140259e-01
9.903897941450995335e-01
-3.544871939269207406e+00
1.582251859234776425e+01
3.041531518578643123e+00
7.004441521528465664e+00
-3.817720390097814054e-01
-1.748758226778917191e+01
9.739237854449922516e-01
-6.892156158209233885e-01
