-1.127858698353025879e-01
-2.513989301694861123e+00
4.355837702706133290e-03
9.557006989090147675e-01
-1.155870633100487960e-01
-1.445073071403922160e+00
1.522476748632348720e-01
-1.551854171052996501e+00
8.764209523572115135e-01
2.721244208161265998e+00
-2.092984193899362633e-01
-4.207322065818212137e-02
-7.648981585844405462e-02
-1.175243467301768652e+00
-1.041830939294577513e-01
3.496198756900675608e+00
8.336889525349110430e-01
-1.057676546470333490e+00
-3.780920002742860220e-02
5.424705794569455453e-01
