-6.391534996360234699e-02
1.446052690662329443e+00
4.138514582778306528e-01
7.415482776595626324e-02
-5.568852152845643610e-02
2.098751560511015746e-01
-4.542498864049955842e-01
3.527575146500904202e-01
4.804128008852303067e-01
1.061250398118600113e+00
-1.851823444965629006e-01
-2.060276006317736663e-01
-1.247612537211481576e-01
2.535064498642695785e+00
-8.814342894339477485e-02
1.689602940315593660e+00
6.320475098456444785e-02
3.629104978161791450e+00
-2.085200385402815881e-01
-1.710977645976795580e-01
