8.147783994653872153e-01
-3.469236382628515081e+00
3.917581142674927408e-01
-6.876527445835529662e-01
8.062487734288081853e-01
-5.300281552576933120e-01
5.435618001356723461e-01
-1.353044056671726780e+00
-1.809106935871295674e+00
-2.917935851061870256e+00
-1.793645894625129633e-01
9.970995110874520950e-01
6.410470999806423542e-01
9.306578860266548348e-02
8.386559323852044168e-01
-1.050158439772795305e+01
-7.850046227613085570e-01
8.153341857695103272e+02
1.009615585935355053e+00
-1.395758207919447214e-01
