-1.058253219345927088e-01
1.729236056542030386e+00
-1.908218953022404296e+00
7.414060918197491745e-02
-8.735920325537360753e-02
1.675802453702751604e-01
7.793120979532205395e-01
8.721178341623908592e-02
-1.034522748511497836e+00
1.797377843663381158e+00
-9.437603886680195897e-02
1.154877927687747441e-01
2.633891111374170313e-01
2.400401008512451195e+00
-1.610269851703368671e-01
1.901213886317320689e+00
7.680738373842688205e-02
3.902031271881820196e+00
2.318172399458111599e-01
-1.086619431771250477e-01
