-4.220741032151665850e-01
1.275967451088162896e+00
2.334480899050605796e-01
2.363274195140098802e-02
-4.224332965739205359e-01
2.588374900287807034e-01
-6.699811420886611635e-02
4.678253716247296468e-01
6.032708053310823493e-01
9.172490694331525418e-01
4.021830411445932035e-02
-2.471992279434161721e-01
-2.647336498545257433e-01
2.485893650670266908e+00
-4.163352239256675191e-01
1.573190648690812710e+00
2.715204775732813630e-02
2.894682186488338971e+00
-2.291144784065809459e-01
8.181606603625520002e-02
