7.973060077567636905e-02
-4.340964591611335410e-01
1.001353099624303078e-01
3.249821748708575132e-03
8.388044848235767792e-02
4.254521621089230737e-02
1.216844421742326043e-01
1.120485461528433480e-01
2.201346507258080398e-01
9.276377409659016138e+00
9.639010097407993069e-03
-8.443044828271768776e-02
1.235321106842109384e-01
1.807363851051478232e+00
6.671965333750624894e-02
-2.398643525460540937e-01
5.863289934729812476e-03
-5.896351341027502357e+00
-1.021793968044904799e-01
1.286880565457541523e-02
