-5.930921952167149680e-01
4.151053523558509539e+00
-2.236629422224759578e-01
7.744754317682245315e-01
-5.761103512585263875e-01
1.503109368524936373e+00
-2.871017802268066577e-01
2.118022190360423274e+00
2.572959901922700965e+00
3.398699484699891915e+00
2.084354625300633423e-01
-1.059308445000166188e+00
-3.517289962833649031e-01
-1.549634872368794625e+01
-6.436872380127864890e-01
4.942366880680685526e+00
8.616438125777489132e-01
-1.185080848526889419e+01
-1.092193948989386820e+00
1.648868782829803203e-01
