-9.266444411296975714e-01
-5.344330568636645573e+00
-3.999622691586352197e+00
3.769153259532066258e+00
-1.336113885655687783e+00
1.511979630971978183e+00
-4.620652733710808313e+00
-1.283275565830582776e+00
-5.101062265855922817e+00
-6.043014599982362789e+00
5.374460209884301953e+00
4.150478476303911535e+00
-4.643302474532200463e-01
1.704575647484717038e+01
1.809960855613940434e-01
1.094341929308061800e+01
3.528066358248572509e+00
-1.766190558418913170e+01
4.164172338930438144e+00
5.718647874220435412e+00
