-3.854795394158474497e-01
2.572434720971867872e+00
6.592041110702516471e-02
-1.073370171505745457e-01
-3.924785664152067310e-01
-4.058742807429307042e+00
-1.091484266532085357e-01
2.431562714204982267e+00
1.896000356873516868e+00
-3.753553493587785006e+00
-2.603199156024636363e+00
-1.247846314151487696e-01
-3.253712829795322725e-01
-3.630380581537330897e+00
-3.618610073729404131e-01
3.944456572036873165e+00
-2.302932262062175273e+00
-5.045443545799297880e+00
-1.057418263621777710e-01
1.643793606637404259e-01
