1.023813738886216518e+00
8.032008936917248709e-01
7.296362188655366454e-01
-8.783262581030448768e-02
9.823836842858931773e-01
-7.676184632160381049e-01
2.449068054215498280e-01
5.809259893571494082e+00
1.324478137125857602e+00
9.734979631314305548e-02
2.484470721454024589e-01
3.110169289229161027e-01
3.817570038713011260e-01
-1.191620582689490726e-01
9.118498523701931147e-01
2.266929819436270144e+00
-2.391267874006595129e-01
-1.710720040999392122e+00
-4.809222033281656400e-02
2.538977722400498904e-01
