-1.010451823739723309e+00
-5.347616004443468185e+00
-4.711323542600899250e-01
2.175626410331721675e-02
-9.943805163122146906e-01
-4.148844537508347696e-02
-6.190690364665505374e-01
-4.858970077144420530e-01
-2.747601980339348771e+00
3.854730163942246435e+00
-5.996448692097765265e-02
-1.528111838765337849e+00
-7.371808727715651877e-01
-1.488888901246423124e+01
-1.057523674007909475e+00
1.047158330218274092e+00
2.537449120289433577e-02
-5.810723193547164378e+00
-1.594378214470540955e+00
-6.916545560245465629e-02
