-8.483825584982951362e-02
1.266785549326734150e+00
-1.180310156811220645e-03
3.733939629545635075e-02
-8.253545763927971901e-02
2.023952389723137069e-01
-6.964177435929586046e-03
3.907542693753652818e-01
5.559155910471615947e-01
9.103312850713378701e-01
-3.597464572513221770e-02
-1.552636871001631391e-01
-3.342725972613080909e-02
2.568065213143830405e+00
-9.151726674469806699e-02
1.558869403505234619e+00
5.335415588516325552e-02
3.464105906598409224e+00
-1.600776822529637045e-01
-3.871053028309520694e-02
