-7.326719472324312310e-01
4.538714330490198456e+00
-1.873284341720584112e-01
1.504475904829256083e-01
-7.277149260697985955e-01
8.553426798422150146e-01
-2.553268347237888647e-01
1.701672062759278958e+00
2.454868706048391136e+00
3.919993362503414680e+00
-1.419432175343776081e-01
-6.438139917863767714e-01
-3.817159787885981981e-01
-1.331201857406350619e+01
-7.227943482001434328e-01
3.559072966338195254e+00
2.163398135986690785e-01
-3.284646847302286687e+02
-8.867297497951145413e-01
-1.537084318189962939e-01
