-4.334857402534744164e-01
-1.391688282370539431e+00
-7.965469168235390640e-01
1.401827594439936653e-01
-4.597381204265835186e-01
1.058801278396092949e+00
-8.747956319296281702e-01
2.986850256441844209e+00
5.176367727176659272e+00
4.331482460621063346e+00
-1.665244404377051457e-01
-1.684937638439374386e-01
-7.992736084756155712e-01
-2.893306910735471416e+00
-3.555275543383797920e-01
1.610149105103378631e+01
2.049608218925422776e-01
-1.643408112402638466e+01
-2.219213190452097306e-01
-1.922060883869664560e-01
