-3.436032421213609522e-01
1.215230961542475896e+00
3.173411742190194174e-01
6.508089499723914706e-01
1.233978472608937560e-01
7.985978591575004781e-01
3.443607202967100545e-01
1.098569031650607819e+00
1.501449861603452174e+00
1.449024359846439403e+00
6.405224643118843098e-01
4.973251887953722417e-02
-3.854599490529198036e-02
2.235138891430219488e+00
-1.096230605220964716e-01
1.453140803700429640e+00
7.602127884420009085e-01
2.366055279345960827e+00
-2.394899224758678669e-01
4.393691686351165471e-01
