9.039287956166157378e-02
2.877374247247529215e+00
3.503513043439932528e-01
-1.071705706896566523e+00
1.294456029351363224e-01
-8.177032909625132628e-01
4.355946639318122870e-01
-3.069076762888385712e+00
-2.752904552077422462e+00
-5.565351657552357612e-01
-2.413234153257590442e-01
-5.991449254561144189e-01
4.648565973402578044e-01
-7.405500231891204432e-01
-2.742335042400332462e-02
4.994757829263621218e+00
-1.185883124819277379e+00
-1.292386856822671071e+01
-6.062045338496390157e-01
-1.764559193139298987e-01
