-3.579987302040725239e-01
-4.952963131343892100e-01
-4.106049895620924040e-01
-5.225645592227664560e-01
-3.591219115846927545e-01
-1.024413055942464013e+00
-3.927168957885113221e-01
-5.551291662257753501e-01
-6.936001615251783381e-01
-1.312291428160343276e+00
-4.878760999302795831e-01
-3.341966743861699007e-01
-3.805632164847745913e-01
-1.381056923118273261e+01
-3.548525039528476754e-01
-2.416836779259083023e+00
-5.328664613308878861e-01
-6.515797295679605668e+03
-3.326062987517123259e-01
-4.263557127181916151e-01
