-1.932152461134251098e-01
1.197317064752805749e+00
-4.267516157437756252e-03
7.308348812566607677e-02
-1.893071012701013078e-01
3.731317135574957478e-01
-4.667380329220505164e-02
6.129197127318016802e-01
7.437340760514969951e-01
9.478282681183798353e-01
-5.235128679594554940e-02
-2.056212320374077862e-01
-9.569202624085204612e-02
2.549595167358899239e+00
-2.030286172273407796e-01
1.448559589786044821e+00
1.052275743663567964e-01
2.909587686035805643e+00
-2.006353647705841903e-01
-5.309886622877261347e-02
