-1.347502021224395108e+00
-4.493618940910361736e+00
-1.300184676203252732e+00
2.305282854215173760e+00
-1.395405226303242374e+00
1.995185808563660013e+00
-1.941641040403040197e+00
9.914294238074228272e-01
-2.566913192196884630e-02
-2.292959851235611968e+00
1.540675456125815135e+00
9.585300540165608840e-02
-1.962727861961525377e+00
-4.796343467386549975e+01
-1.203986283632038967e+00
-6.179057094826085894e+00
2.337043599247194514e+00
-1.384109020988584504e+01
2.238135774624877561e-01
1.433566872311234031e+00
