-6.424467293045252880e-01
3.734718298200726316e+00
-5.536723235459959369e-01
1.620839474169633865e-01
-6.420548245102989382e-01
2.407514625100972694e+00
-6.270732268669430010e-01
5.766327179334019171e+00
6.878054116391563610e+00
5.982675674772678365e-01
-1.406173750372692044e-01
-7.243428391325752447e-01
-6.438248911611970104e-01
-1.267368202671451272e+01
-6.445795982580976302e-01
3.402751622455487901e+00
2.749206675902837183e-01
-2.307276861779526769e+02
-7.369715822932633165e-01
-1.629464723184947395e-01
