-1.706409404441888711e-01
1.423193096319388617e+00
-6.862536967257714116e-01
1.144290635015229735e-01
-1.528713323053824125e-01
4.275894714307324485e-01
9.765886826189990044e-01
6.701629831399718018e-01
8.416396185225181181e-01
1.148478962099548362e+00
-2.067992681914658237e-01
-9.293207322804530879e-02
4.094170904210418516e-01
2.371253115656185795e+00
-2.128203340953790379e-01
1.640897744257320934e+00
1.543452293580078460e-01
3.283831261642894628e+00
-4.642825636891079188e-02
-2.433933588718827090e-01
