2.920262695618731745e-04
-2.305670163315407645e-04
6.123749953150494646e-10
-1.843533601524802212e-28
2.307927325557789584e-04
-1.449946502849873086e-15
1.003228860698148389e-07
-2.690766200530882742e-11
-3.893941052064234410e-09
-3.127713786680299133e-06
4.114327497000460955e-23
2.043299144747854901e-01
2.020256585506534080e-06
7.517267067655381219e+00
5.622302196848758026e-04
-3.150831523665518705e-03
-1.730098906452727261e-25
-1.668132619713837883e+01
-7.517414113888325200e-02
1.188446648503608564e-21
