2.905628539423656398e-01
3.485265616092451779e+00
1.916402366090811937e-01
2.888261568660857592e-01
3.156460200503476421e-01
1.618602850511909663e+00
3.967408501930171361e-01
2.981228427239173584e+00
3.907505242292929726e+00
4.671787843566255205e+00
-2.327980728828786261e-01
-9.053516623188371248e-01
4.726387381418487021e-01
-9.196845346251304676e+00
2.076128831209596293e-01
1.233285015761047987e+00
4.171421266680530593e-01
-1.055813064652202549e+01
-1.023616361171761691e+00
-2.428965244370156762e-01
