6.756386919942383162e-01
-5.885690039300243148e-01
3.775699200000076083e-01
-5.706627100000000175e-02
6.687049556894479885e-01
-2.039638799999999863e-01
4.740574300229911109e-01
-3.081581999999999932e-01
-3.784290099999905177e-01
-4.963031898367234462e-01
9.891680299999999759e-02
8.324258745137943505e-01
5.420460623775119613e-01
-9.682108664203340487e-01
6.952517204453056987e-01
-6.516311426686957065e-01
-7.668487100000000167e-02
-1.281637395231643617e+08
8.436532198437172170e-01
1.146434600000000026e-01
