-1.468705173902885019e-01
1.327451733070823980e+00
-3.898192869477553300e-03
1.339674639650711291e-02
-1.006329635246377696e-01
1.760035027722960943e-01
-5.123125012196912131e-02
4.985499722014296031e-01
5.078857656071495974e-01
1.081437895745876121e+00
1.427529065854819985e-02
-2.123387053777285594e-01
-1.036624000519499600e-02
2.479501488628182759e+00
-6.096820329924653586e-02
1.534384291182931070e+00
1.858177529335449524e-02
3.367669555988502594e+00
-2.402897315932681632e-01
2.885436395376382926e-02
