-1.677069378708320180e-01
1.413038392162722978e+00
-4.263986968396441535e-01
6.928120685797410465e-03
-2.225305110296172950e-01
1.940495865315025492e+00
4.540209729173736997e-01
-9.634363388898446734e-02
-1.618896952240436726e-01
1.014083484526823176e+00
-4.925645553207613769e-02
-4.745875263506522668e-01
8.758786644143778943e-02
2.449409777119379239e+00
-3.150862772705567139e-01
1.527823008437159125e+00
9.338316512189565044e-02
4.756107523657336245e+00
-4.167304300280101348e-01
-1.845753477481472671e-01
