-7.794479706921860762e-01
-9.531880977786585163e+00
-3.716665675858346063e-01
-5.819463658575899784e-02
-7.695449903792135338e-01
2.499561620737923706e-01
-4.906413640870059267e-01
6.194243929260263570e-01
-1.422074724364384224e+01
3.850142063513356749e+00
6.727151506173396911e-02
-9.770175335310995468e-01
-5.845211048851043367e-01
-1.188357935329675286e+01
-8.070746278416583985e-01
-1.098157758483134350e+00
-7.661194159846750062e-02
-4.179531288776975089e+02
-9.888641149669580299e-01
6.311282791284276994e-02
