-1.996712984053468309e+00
1.328981619428192928e+00
1.425387050911821385e+00
1.560815321593083359e-02
-2.127983885992097424e+00
1.830655745592389139e-01
4.816210578073727433e+00
3.989088627873361714e-01
5.857404620801323070e-01
9.695246164268298550e-01
5.363528307049514332e-02
-2.813212642545825926e-01
-3.272749539377394967e+01
2.485395798548231117e+00
-1.673808706435119698e+00
1.603590657239672534e+00
2.781596861777809251e-02
3.477320633890497614e+00
-1.944621208909383114e-01
7.331719726965459094e-02
