-6.675787720552214255e-01
4.729534886332956489e+00
-8.845058031250176978e-01
3.117206303884457741e-01
-6.692338077287016684e-01
1.362573716020710979e+00
-8.495874213730775226e-01
2.316992659491648343e+00
3.040080094468996741e+00
4.271468250343755990e+00
-4.184846232434796254e-01
-1.046820174708108286e+00
-7.854239966236328252e-01
-1.054784734438975669e+01
-6.685735905979423022e-01
3.812898970712885749e+00
4.312535988752545513e-01
-9.142569567371527484e+00
-1.099807137645921751e+00
-4.715083373444868275e-01
