-1.189263785686742070e+00
7.409515540886982832e-01
-1.323769721765348351e+00
3.565009912093632799e-02
-1.182110885216071550e+00
3.364563965918335731e-01
-1.317509263633490413e+00
1.267564968230835420e+00
2.043150585917759443e+00
2.625206558991550754e+00
-1.601352455662920504e-01
-1.509648194513457664e-01
-1.163341072216520944e+00
-1.509941582094706725e+01
-1.188760539188617349e+00
-8.258034865947982084e+00
5.084962793083955268e-02
-6.100554966955513692e+02
-9.707575235158398541e-02
-2.112978858766451917e-01
