-1.061905436224185983e+00
-1.295038066926902598e+00
-7.588441286332274771e-01
1.141322877997728025e-01
-1.076219225839690097e+00
4.069949589245422938e-01
-9.498741495485709674e-01
5.993899397849018484e-01
6.795362101403275013e-01
3.627045743933362543e-01
-1.978376271134427156e-01
9.261671629457568500e-03
-1.063783698480058382e+00
-1.048230376985335255e+01
-1.008754380213890744e+00
-4.279726971274301128e+00
1.533681328246983000e-01
1.479012283938145174e+03
1.370026439220863868e-01
-2.292961733643273381e-01
