-2.508416179373294530e-01
1.243661340741206045e+00
5.335743642335458170e-02
4.958114714535622088e-03
-2.486643990745038002e-01
9.896717907516311419e-02
-7.864919414299832712e-02
2.799906198403713242e-01
4.529809576382214931e-01
8.399682800007941541e-01
1.138288915263102261e-02
-2.309472371788980904e-01
-1.697403320465200038e-01
2.563798445762581313e+00
-2.559216491025130824e-01
1.562130677979487015e+00
9.479812753004189171e-03
3.562595488522847464e+00
-2.227253157258691496e-01
1.513649264108677360e-02
