-1.546454017587452212e-01
8.561080448090574446e-01
-3.108794305367198682e-02
-2.473088041760913651e-08
-1.532228188129530488e-01
-9.816104488234720423e-04
-3.024548378488701172e-01
-3.533441934052770211e-02
-2.027886519673418597e-01
-1.264664544472942076e+00
-1.392365769957965277e-06
8.578058939856201270e-01
1.313557616538575945e-01
2.365147950647903130e+01
-1.447377079489769736e-01
1.244003082412193528e+01
-2.760433221999723646e-07
1.941877710079277449e+03
9.946900344536985239e-01
-4.359481377331976812e-06
