-2.682451274112998552e-01
-4.644596775036663239e+00
9.590042946292816339e-02
-3.432751214421528863e-01
-2.597645377808568412e-01
-2.628590419400673173e-01
3.097742395956998296e-02
-1.125196305996185586e+00
-9.084543127652262573e-01
-4.071970128587178550e+00
-1.711837343624992014e-01
-3.614124245946727099e-01
-6.044410421672073708e-02
1.946536064548228140e+00
-2.896648565928632291e-01
3.714829157224628808e+00
-3.139619542189319157e-01
8.288913668749144037e+00
-3.632306966836765794e-01
-1.361269062774412564e-01
