-2.497281300550049099e-01
1.204862678462709669e+00
1.077913298605495784e+00
1.792205464003309712e-01
-1.918298152901058706e-01
-6.914100232914242861e-02
1.466671503475454497e+00
2.123283375741501777e-01
3.566455411258940278e-01
7.280198430939452958e-01
2.948210925447400932e-01
-1.452900206273417538e-01
1.138214427733408529e+00
2.630312210314108778e+00
-3.890984938277949889e-01
1.590451275615099469e+00
1.576037086877137283e-01
3.447596363461931546e+00
-4.370109376610117891e-02
2.892889058186964846e-01
