-2.627251639544780359e-01
3.014979301400235290e+00
-5.868633874414800472e-02
8.576311914681580134e-03
-2.717510282572360714e-01
2.780003656105867887e-02
-2.692493623641298295e-01
-8.594077006659234241e-02
-1.841124740822972228e-01
4.060573073428456747e-01
2.896537857787102876e-02
-5.538480921345534380e-01
-3.622834887638290979e-01
3.768247597812168781e+00
-2.412522676016636003e-01
6.347763891069127418e+00
1.438946663323561505e-02
-5.732287948227049412e+01
-6.181249790406474487e-01
3.777800505504156497e-02
