-7.073536303520954194e-01
1.295234026157723983e+00
-5.543474816241300562e-01
-3.325242455216491089e-01
-7.039661528636811383e-01
-5.827043379353391117e+00
-5.051035507822406734e-01
-1.261777380145183258e+00
1.378942614247419662e+01
-4.953052505136276373e+00
-9.186928301087968207e-02
-7.660483994033593369e-01
9.300068416875741928e-01
5.167904223043002077e+01
-7.180444730003616716e-01
1.357202082804005006e+00
-3.464787241578409782e-01
-2.170853319342855414e+01
-7.663044509078502653e-01
-1.360650242551384170e-01
