3.997553953550717631e-01
5.923576032521821411e+00
-1.470612214865863188e-01
7.545488202375820741e-01
4.220613853244613578e-01
-2.187793214067157432e+00
-5.364057093611783733e-01
1.172519586512200185e+01
5.372516971984782508e+00
4.568934893406003006e+00
-1.730259558269413800e+00
-3.170191857434103144e-01
-3.815970859429466122e-01
-1.047608401316903404e+01
3.218904283507125763e-01
1.180750458567074546e+01
7.095823249867669880e-01
3.808933930394898937e+01
-3.580634542534858467e-01
-1.467065194695997610e+00
