2.315884485403555959e-01
2.566139630136779815e+00
1.431467230195352935e-01
-1.615730610040495016e-03
2.370065168666654898e-01
-5.097104091708552775e-02
2.171426981287273850e-01
-1.397837646769095610e-01
-1.855973983861892440e-01
2.539301643525535557e-01
3.123990570583168053e-03
1.536518061449208827e-02
2.540069564531933777e-01
4.338267380677051754e+00
2.134588699318830940e-01
6.314003704314218979e+00
-3.553010067105606771e-03
-1.982999992240665108e+02
2.945350867995228435e-03
5.116808903817852625e-03
