8.516329246833558297e-01
4.616701814665780113e+00
9.422863284400176398e-02
1.597987769307155359e-01
8.523086372960754220e-01
3.682514725201817274e-02
4.785313698861485276e-01
-1.616420226272092586e+00
-4.058985701550298586e+00
-2.683514370653520498e+00
-2.651948226581980483e-01
7.093736797857604914e-01
6.949878942804880166e-01
2.715365404767318580e+00
8.455044027575754351e-01
-1.017349803834039257e+01
2.031756997733141779e-01
-1.430078816139975473e+01
6.978925757084302184e-01
-2.945527692575564682e-01
