-3.539942298221078865e+00
-1.275091418991364467e+00
-9.280522947820711854e-01
1.141157007677880836e-01
-3.485584769977883468e+00
4.066713860554829751e-01
-1.494635184689093732e+00
6.129195513270075946e-01
7.382398620467598427e-01
5.852262043416827098e-01
-1.981192882517328335e-01
-1.600465585818167114e+00
-2.112226440345885248e+00
-1.144853036914404676e+01
-3.658647053861858289e+00
-5.144327224040988078e+00
1.533191749534897896e-01
8.576329094852229673e+02
-1.128941221977386666e+00
-2.298367350186487357e-01
