-1.270469989918866727e+00
4.813583403199914734e+00
-3.299713676546733310e-01
2.322695820351419662e-03
-1.253032895005415925e+00
9.282471786975490802e-02
-5.774244396091950948e-01
2.019295441622205312e-01
2.884556155258741761e-01
1.895297769683451428e+00
-1.013621993900248007e-02
-1.114483045282909757e+00
-8.081809753603627078e-01
-1.133251874009963700e+01
-1.311474919887912316e+00
2.821944661722838088e+00
5.665414857662689693e-03
-1.217362563958086952e+02
-1.058821387947110670e+00
-1.535625780818918734e-02
