8.150397794693602371e-01
-5.436961686366375446e+00
-3.202435265318497315e-01
2.214790046951122318e-02
9.721425510487138322e-01
3.234219090842270217e-01
-5.466086802812646361e-01
-4.908418958028757384e-01
-9.155311751873165260e-01
3.181670448772385029e+00
-3.183042957667272382e-02
-3.643504233622828492e-01
-8.824523844174665399e-01
-1.484816399472712156e+00
4.093090964418589217e-01
1.701825209033412278e+01
7.406978877225760607e-03
-1.621270389738165463e+01
-3.869275753026781839e-01
-4.225646336820554350e-02
