-4.561382132097679953e-02
1.001399156410633706e+00
2.363650797636652756e-01
-1.330405907829124157e-02
-2.520728637488045543e-02
-2.140493625150960422e-01
2.586164194150687434e-01
-1.057320503659507249e+00
-2.284774238887875342e+00
-3.643248136341262544e+00
3.902331965204730579e-02
-4.695944123808816761e-01
2.221257889058312340e-01
-1.750042725442355840e+00
-1.059482516386465178e-01
3.537244498399953141e+00
-1.917528634519582997e-02
-3.052376491901703659e+01
-4.811765560581179879e-01
4.801926643240003734e-02
