-1.087937488397510422e-01
1.296049811369230476e+00
9.340239338970843241e-02
7.260565786754815884e-03
-9.607969904791434368e-02
1.172876330517336613e-01
8.515826719070859752e-02
3.054563900415510069e-01
4.950164368344074362e-01
9.199064350441893412e-01
1.576428464981659977e-02
-2.998398882280908229e-01
5.483416083952227099e-02
2.531989478957653361e+00
-1.467683808930590195e-01
1.529037300609386252e+00
1.357690668969784541e-02
4.341803529424173469e+00
-2.826884091854859893e-01
2.038468454821024470e-02
