-1.776740748368996758e+00
2.006395679413660815e+00
-1.011085623978897674e+00
1.195453119272082976e-01
-1.786009213999616430e+00
5.651175745446825882e-01
-1.384401306059461323e+00
1.172646264741209921e+00
1.859161207790011705e+00
3.681627398458954037e+00
-1.977973265969442673e-01
-6.399222772751137489e-01
-1.620751443129426317e+00
2.102225858062327646e+01
-1.736077982372198791e+00
-7.573370869629266977e+00
1.645838673423281051e-01
1.190189984638805099e+00
-4.686607812889322933e-01
-2.311084314760274150e-01
