-2.627937754746809684e-01
-6.118603260571897628e+00
2.284081769151416752e-01
-3.004320314890423713e-02
-2.669846217884755957e-01
-3.437499468457747565e-01
5.585953031604293934e-02
-2.508607335534666083e-01
-4.090856792257138719e-01
-6.454427606625723346e-01
1.212832891045866890e-01
1.256235557100480182e-01
2.626898666700965834e-01
-5.256400252988647770e-01
-2.258022780913257199e-01
1.083001171048893774e+01
-1.018897179083313037e-01
-1.581028281407490432e+01
1.245983459071766386e-01
3.217221208112384934e-02
