-8.100961575130577767e-04
-1.569675160371475919e-01
2.005015162709310184e-01
-7.831901892590148462e-01
-1.191632704635519398e-03
-4.261511416456446044e-01
6.469160400026305324e-02
-4.309648441319212431e+00
-6.389923141826708175e+00
-4.005280859850716801e+00
-5.173453243938754831e-01
1.940859470573957218e-02
1.595551467569649925e-02
8.466889529715084795e-01
5.854343619586195634e-04
1.326474207545825346e+00
-5.983237746246702349e-01
6.531218531911240177e+01
2.260026996453582196e-02
-3.921936494783224703e-01
