-4.908394176019641869e-02
5.815945075599677772e-01
2.005600323099679784e-04
6.567142763824089146e-07
-4.395690279795576999e-02
6.388074257574519969e-04
2.686576413090113746e-04
6.829772161606846408e-03
2.384906325326253615e-02
1.510716605253715761e-01
-4.541274245490414818e-06
-3.087534668415176098e-01
-2.776902510983657660e-03
2.135618387638050120e+00
-6.617298538358183657e-02
1.306656218689436155e+00
3.113102585372361458e-06
9.090981461508830819e+01
-3.300120232762220329e-01
-8.515874824788721728e-06
