-5.211957732647347630e-01
-3.143029037235224088e+00
-1.190639151766813425e-01
-7.069369505088680776e-03
-5.217501401264739158e-01
-1.197443738208667369e-01
-9.505038756033520886e-02
-4.671719046534502651e-01
-1.209538880707028419e+00
-3.700250211563908209e+00
-3.285319315178708566e-02
-1.231648234266337488e-01
-3.115930034524618253e-01
-1.347270352798387139e+00
-5.124079276750710399e-01
-8.185808361827890067e+00
-1.842416678652885470e-02
-8.918788485970176794e+01
-6.145041670161287273e-02
-3.449363397778768686e-02
