1.428160159641667093e-01
-2.184794702250278053e+00
-5.322701571871659709e-01
1.055367674930698108e-01
1.149693550152008914e-01
2.252579117817596344e-01
-4.432885152367602721e-01
7.281186197916705849e-02
-1.976378688027349284e-01
-1.058413009138039484e+00
-2.071162295580459278e-01
8.371598938852455873e-01
-3.032131843328367271e-01
-7.662541024560203695e+00
2.237395519621765416e-01
-3.235964864337491420e+00
1.365233343062269011e-01
-1.450690774329715005e+01
8.872744988074274808e-01
-2.396510499474346911e-01
