-1.340233050749020105e+00
1.242707412063928318e+00
4.531474797751515182e-01
5.123273063685405276e-02
-1.357375779599629517e+00
2.181589189180809241e-01
-5.107181577342918999e+00
3.852635346311535369e-01
5.344973697980446303e-01
8.773108656906947189e-01
-7.204739330029458211e-02
-4.497366581385932038e-01
-1.880518470031454781e+00
2.390427488041519055e+00
-1.288071825089468714e+00
1.540168778733030930e+00
7.035799471057427312e-02
2.200558495488104782e+00
-3.204910176308974346e-01
-8.089715454694416941e-02
