-9.720243639942182101e-01
4.907453346983275400e-01
1.304349042393736724e+00
7.281330370140546605e-03
-1.126463704668350774e+00
-1.224614579283192506e-01
1.984524990298199565e-01
5.250421916737837424e-01
2.251149754972290751e+00
2.900151903558039201e-01
4.754512621366149827e-01
-5.654062147693336149e-01
3.038437931187154550e-01
6.668873056481182005e+00
7.545132481908907174e-01
1.155107671566805294e+01
-2.143146869783644437e+00
6.351887755462589658e-01
2.926646834395852867e-02
1.414885722215763808e+00
