-1.989606614417936958e+00
5.540788446168135373e+00
1.987820800237019370e+01
4.053146128131629444e-01
-1.998742174553095330e+00
1.270478483321559660e+00
-1.728866656645128508e+00
3.882441162861466122e+00
2.117243644298763883e+00
3.748625967489469968e+00
-2.564172130525748661e-01
-1.477420701329198449e+00
-1.962403670946824885e+00
-1.326837724782321359e+01
-1.957643086187380144e+00
1.467995136856488081e+00
5.317374064968112268e-01
-3.801889974625851778e+02
-1.417269362137327127e+00
-8.597629557588253313e-01
