-6.304720108708516957e-02
4.288730054811714099e-01
-1.323283339626453014e-03
4.190407272081135391e-09
-5.896162245051741330e-02
4.024061413771454736e-05
-6.061973718905035342e-03
9.442053259620334510e-04
5.014282832814375736e-03
5.843908201840050665e-02
-1.455448504732600278e-07
-2.293967658109790919e-01
-1.479011023932404537e-02
-3.160863862059454910e+00
-7.586197745783999913e-02
3.873320504886658799e+00
3.388678018664757483e-08
-8.876813319052001106e+00
-2.471305219187448776e-01
-4.024425377528965515e-07
