-8.198586779035232919e-03
5.759594819901917795e+00
-6.988788261397645141e-02
-3.923884699022238687e-01
-1.583006803522121319e-03
-2.574273915381406486e-01
3.235428784844259723e-03
2.880639668225145611e-01
1.151654432789613436e+00
4.012925818534054834e+00
-3.079387951642016952e-01
-2.871341556484214297e-01
3.431576637490169057e-02
-1.507124074059466601e+01
-2.976666453760148934e-02
2.712583363056378705e+00
-3.936343710217239389e-01
-3.449142285922941475e-01
-3.151286167553648543e-01
-2.957526352982863260e-01
