-2.112980202305254629e-01
1.322099595230976643e+00
1.778666566707802765e-01
4.070974140774974437e-02
-2.056326931156862159e-01
2.306349001967724632e-01
5.736816194427918347e-02
4.510094511766733483e-01
6.187833442066659195e-01
9.590128039274988803e-01
9.015079122825597757e-02
-2.276172595146150890e-01
-4.745600742035360753e-02
2.613219435543597591e+00
-2.252144886967459847e-01
1.632071288387602959e+00
5.317096087220718470e-02
3.230232454070022907e+00
-2.200032728845768837e-01
1.049458018988747021e-01
