-9.239939883237582308e-01
4.743859318488427235e+00
-5.044511130849131941e-01
1.250225782475719860e-01
-9.175123676753965674e-01
5.997954248115169307e-01
-6.014509001477681416e-01
1.176402561176438821e+00
1.689144424222211338e+00
1.448861313027716591e+00
-1.730837836506171346e-01
1.414170391885946065e-01
-6.921373414429692339e-01
1.354551574156565019e+00
-9.279980474160350878e-01
1.348375071267844660e+01
1.738223201528427131e-01
1.772497792502788059e+02
1.667460890217535852e-01
-1.968680425599436123e-01
