-4.346592316212233298e-02
-2.234504957681226589e+00
1.398761517541259103e+00
-7.504034497687044059e-03
-6.926776823003483186e-02
-1.279294734656069854e-01
-8.087837005805589286e-01
-3.517363543644574930e-01
-6.033712325465472315e-01
-1.307084444414737590e+00
-1.371994494240505458e-02
6.574662224455142256e-01
-4.881674572963520253e-01
-7.624906313805103864e+00
3.204634854598414906e-02
-3.150906893222217064e+00
-1.414859057856943103e-02
-1.630103794966773378e+01
7.143613260362825512e-01
-1.699015465976586731e-02
