2.885320789717210066e-01
1.246361126285357113e+00
-1.672620033073348167e-01
-2.872483243516874528e-03
3.313104509488378757e-01
1.915634987743252138e-01
7.062653509203201119e-02
3.907233963813299127e-01
6.350210517447986147e-01
9.959656529519533841e-01
4.212065774963380527e-02
-2.189250985088209700e-01
5.367800432795567511e-01
2.576236416292635667e+00
1.446682741085313917e-01
1.514385390213326410e+00
1.833678496272380873e-02
3.087359717944925031e+00
-2.536806915130249696e-01
-6.744411627062708858e-02
