-3.236213546095410010e-01
-1.921673204120126210e-01
-6.985424257937043746e-02
2.783933206953993159e-04
-3.157763810573712693e-01
1.306098832113758608e-02
-1.299763268903292024e-01
5.183715119003311916e-02
1.233271046856930092e-01
5.961040117226287904e+00
-1.438148880199791512e-03
-4.820400305854348755e-01
-1.856743817754409887e-01
2.641690317969239477e+00
-3.459963782314576797e-01
1.906977921657872872e-03
6.752465091647921486e-04
1.847773133720816304e+03
-4.871656300241197224e-01
-2.230808027814230442e-03
