-6.483872849083471834e-01
4.689587338533823591e+00
-1.365824085105863533e-02
1.484809575340263754e-02
-6.141254916816333287e-01
-1.311990615493155432e-01
-2.395278262038619266e-01
-1.291044186864698684e+00
-2.109091050054556771e+00
-4.715314418053514700e+00
1.647587323182591046e-01
-5.782268317402868840e-01
-3.868156883716615813e-01
1.682302194588872091e+00
-7.435854217139401534e-01
-2.283730340891939048e-01
-7.175633537440859189e-02
1.685825982573978195e+02
-5.425079101290770645e-01
2.766966673791346198e-02
