-1.519582691546255089e-05
7.627551272427057800e-06
-7.142376392405036680e-13
2.078453510409429069e-36
-1.133719087390596176e-05
4.256756619326756327e-20
-5.429203812295004382e-10
1.134581541222832012e-14
6.403215416891205846e-12
3.213064521425132707e-08
-1.143426511589875989e-29
-5.170541073143354073e-03
-2.687991093786293477e-08
1.683731543953965071e+00
-3.416367736370863931e-05
2.126040531459241030e-04
1.176696660728312439e-32
3.705718979921135906e+04
-7.449191407192664108e-03
-8.017371531147091900e-28
