1.533057662826471157e+00
-1.751062217412926669e+00
-2.090609781808475454e+00
2.347943871973099395e-01
9.977714085642441777e-01
4.639004152382949497e-01
-2.651593125202213574e+00
1.704726875119543683e+00
3.047556865487782707e-01
-2.223310527928930025e+00
-3.479821076353971088e-01
1.468961332101240247e+00
-3.349723704606937247e-01
-8.644617131609599880e-01
-1.811763927323452039e+00
9.865702582799620757e+00
3.150200682992666534e-01
1.586315328144167758e+00
-1.467726461213222588e+00
-3.872015537603921143e-01
