-4.798817263310966447e-02
4.893663237116607334e+00
-1.654352631778714111e-01
1.388541999703191976e-01
-5.021372602661125506e-02
7.936751505522875449e-01
-1.271823497782355317e-01
1.614746816074295044e+00
2.371440175125228311e+00
3.932994300714358626e+00
-1.383859049996601087e-01
-1.178382233881435266e-02
-9.824145948233321823e-02
-7.853482375492098377e+00
-4.196940724546724399e-02
4.457687725385237165e+00
1.992605181288741312e-01
1.034206698656443587e+04
-1.019860742742386556e-02
-1.512066331403065234e-01
