8.087395421011213447e-16
-5.692807197261665336e-14
4.651118725169928688e-31
-1.195624546966591527e-87
4.979836748031907285e-16
-6.060906577161459776e-48
1.188614813537829345e-24
-6.667039878920196677e-35
-2.422869817165210642e-28
-1.424368364199293668e-19
3.579139163370383483e-71
1.089262114922279631e-12
4.654624576250179178e-21
-2.879584473887596835e-02
2.876481857915660488e-15
-1.388489023718398287e-10
-1.764625075615977222e-78
-8.157978573116590500e+09
1.372326051980646830e-12
1.122404874257156390e-66
