9.349758550859503525e-02
7.531893260297464643e+00
-4.661928267160393713e-02
1.065720515484746449e-04
7.410774214177368036e-02
-1.082054133681335448e-02
-8.307556903893319189e-02
5.652414338089831181e-02
-9.799035937866276691e-02
-4.554968031326118161e-01
-1.526521785619267641e-03
-6.655383514848131066e-01
9.819175535710457370e-02
2.490019778907231540e+01
1.419692702705644405e-01
1.059485928355917927e+01
4.469832239975244400e-04
1.180567707899060359e+01
-1.185370923113654218e+00
-1.989459377330696915e-03
