1.915866554579033432e+00
-2.108895017523363435e+01
-1.213169985017908514e+00
7.924537372430599802e-02
1.966427607176438386e+00
4.108078212330561474e-01
-2.248435045121201625e+00
5.883614023553773720e-01
2.277569354652612121e-01
-1.106544996276633608e+00
-1.258281109292406219e-01
2.186767381666423038e+00
-5.361475464418291814e+00
1.362697733916824472e-01
1.871817862019057532e+00
-1.030038471434598790e+01
1.116975698891157498e-01
-8.850978893294586669e+01
2.033343706338684331e+00
-1.500396319913506749e-01
