1.602265809980550415e+01
1.273157905631112641e+00
-2.290294866084410519e-01
6.168838075795022441e-02
-3.410483510831914811e-01
2.713914692246419680e-01
-4.472771853165172229e-01
4.705161624360301720e-01
6.307689523214224936e-01
9.553625051411236413e-01
-8.558781592491827850e-02
-3.130113527778294880e-01
-5.049335672615996584e-01
2.514734335055571535e+00
3.713548402875772037e-01
1.533496922825555497e+00
8.525174697845136484e-02
3.965046355523781152e+00
-2.374549426539317443e-01
-9.629251854718179349e-02
