   1.0000000e+00
  -8.5134156e+00
   1.8333333e+00
   8.6373491e+00
   2.2833333e+00
   2.4500000e+00
   9.0240246e-01
   2.7178571e+00
   2.1886891e+00
   2.9289683e+00
   2.8110315e+00
   3.1032107e+00
   2.2584991e+00
   3.2515623e+00
   3.3182290e+00
   3.3807290e+00
   3.4395525e+00
   3.4951081e+00
   6.1044119e+00
   3.5977397e+00
   6.3547784e+00
   3.6908133e+00
   3.7342915e+00
   3.7759582e+00
   3.8159582e+00
   3.8544197e+00
   8.1437593e+00
  -4.5350831e-01
   3.9616538e+00
   3.9949871e+00
   4.0272452e+00
   4.0584952e+00
   9.4279915e+00
   1.0051434e+01
   4.1467814e+00
   4.1745592e+00
   4.2015862e+00
   1.0974273e+01
  -2.6829045e+00
   4.2785430e+00
   1.1605511e+01
  -1.6947794e+00
  -3.3014743e+00
   4.3727259e+00
   1.0719834e+01
   1.0838264e+01
   4.4379638e+00
   4.4587972e+00
   4.4792053e+00
  -4.2583369e+00
