   1.0000000e+00
   8.0512645e+00
   1.8333333e+00
   2.0833333e+00
   2.2833333e+00
   2.4500000e+00
   2.5928571e+00
   2.7178571e+00
   2.8289683e+00
   2.9289683e+00
   3.0198773e+00
   3.1032107e+00
   4.1017685e+00
   3.2515623e+00
   3.3182290e+00
   3.3807290e+00
   1.9506459e+00
   5.8176855e+00
   3.5477397e+00
   3.5977397e+00
   3.6453587e+00
   3.6908133e+00
   3.7342915e+00
   3.7759582e+00
   3.8159582e+00
   3.8544197e+00
  -3.6084574e-01
   3.9271710e+00
   3.9616538e+00
   3.9949871e+00
   4.0272452e+00
   4.0584952e+00
   4.0887982e+00
   4.1182100e+00
   4.1467814e+00
   4.1745592e+00
   4.2015862e+00
   9.8098001e+00
   4.2535430e+00
   4.2785430e+00
   4.3029333e+00
   4.3267428e+00
   1.0474958e+01
   4.3727259e+00
   4.3949481e+00
  -3.7291483e+00
   4.4379638e+00
  -2.1500765e+00
  -2.2204396e+00
   4.4992053e+00
