   1.0000000e+00
   1.5000000e+00
   1.8333333e+00
   8.6373491e+00
  -3.0846025e+00
   6.8295356e+00
   4.2833117e+00
   2.7178571e+00
  -7.9495641e-01
   4.6343591e-02
   5.2285936e+00
   3.1032107e+00
   2.1593989e+00
   3.2515623e+00
   2.5488193e+00
   2.2406693e+00
   3.4395525e+00
   3.4951081e+00
   9.9106751e-01
   3.5977397e+00
   3.6453587e+00
   7.1182969e-01
   3.4787422e-01
   7.3477006e+00
   1.2332678e-01
   7.8036547e+00
   7.9769139e+00
  -4.5350831e-01
   8.5468299e+00
   3.9949871e+00
   4.0272452e+00
   4.0584952e+00
   9.4279915e+00
  -1.8150140e+00
   9.8298382e+00
  -1.1700808e+00
  -1.2632644e+00
   9.8098001e+00
   1.0569739e+01
   4.2785430e+00
  -2.9996445e+00
  -3.1523349e+00
   4.3499986e+00
  -1.8533199e+00
   1.2379632e+01
   1.0838264e+01
  -2.0782471e+00
   1.1992233e+01
   1.3088487e+01
   1.3256747e+01
