   0.0000000e+00
  -1.9319853e+01
   1.0986123e+00
   1.6260995e+01
  -4.7541149e+00
  -6.9190456e+00
   6.8129018e+00
   2.0794415e+00
   1.1060499e+01
   2.3025851e+00
   7.5140727e+00
   2.4849066e+00
   6.6904291e+00
   2.6390573e+00
   2.7080502e+00
   2.7725887e+00
   1.9127687e+00
   2.8903718e+00
   4.8193936e+00
   5.9396694e+00
   3.0445224e+00
   4.0965797e+00
   2.3935733e+00
   3.1780538e+00
   3.2188758e+00
   3.2580965e+00
   3.2958369e+00
   2.8825358e+00
   2.7345405e+00
   3.4011974e+00
   3.1291407e+00
   2.2491914e+00
   3.4965076e+00
   3.5263605e+00
   2.3508533e+00
   1.1667542e+00
   3.6109179e+00
   5.4517120e+00
   3.6635616e+00
   6.2287548e+00
   6.7087874e+00
   1.1816255e+00
   6.7299655e+00
   3.7841896e+00
   3.8066625e+00
   3.8286414e+00
   3.8501476e+00
   3.8712010e+00
   1.4842486e-01
   6.3497159e-02
   7.9124685e+00
   8.0470437e+00
  -2.3847152e-01
  -2.3120837e-01
  -4.2109995e-01
  -6.6327979e-01
   4.0430513e+00
   4.0604430e+00
   8.9223095e+00
   4.0943446e+00
   8.8732082e+00
   4.1271344e+00
  -1.4186222e+00
  -1.5196167e+00
   9.9678197e+00
   9.3023902e+00
   4.2046926e+00
   9.4650234e+00
  -2.0020243e+00
  -1.1259511e+00
   4.2626799e+00
   1.0302351e+01
   9.8515541e+00
   1.0492237e+01
   1.1171727e+01
   4.3307333e+00
   4.3438054e+00
  -2.7882729e+00
  -1.5429718e+00
  -2.9506359e+00
  -3.0303021e+00
   1.0484914e+01
   4.4188406e+00
   4.4308168e+00
   4.4426513e+00
  -2.6250583e+00
  -3.4885680e+00
  -1.9149512e+00
   4.4886364e+00
   4.4998097e+00
  -2.0305307e+00
   1.1111789e+01
  -3.0108729e+00
   4.5432948e+00
  -4.0527119e+00
   4.5643482e+00
   1.3335743e+01
   1.2439003e+01
   4.5951199e+00
  -3.3686755e+00
