   0.0000000e+00
   6.9314718e-01
   1.0986123e+00
   1.3862944e+00
   1.6094379e+00
   1.0502565e+01
  -5.8507203e+00
   2.0794415e+00
  -1.5519705e+00
   2.3025851e+00
  -2.7182821e+00
   2.4849066e+00
   2.5649494e+00
   2.6390573e+00
  -2.3684743e+00
   2.7725887e+00
   1.9127687e+00
   2.8903718e+00
   2.9444390e+00
   2.9957323e+00
   3.0445224e+00
   3.0910425e+00
   3.1354942e+00
   3.1780538e+00
   3.2188758e+00
   4.2274474e+00
   3.2958369e+00
   3.3322045e+00
   3.3672958e+00
   3.4011974e+00
   3.4339872e+00
   3.4657359e+00
   3.4965076e+00
   2.5367508e+00
   5.8468147e+00
   3.5835189e+00
   1.9944842e+00
   9.8034097e-01
   3.6635616e+00
   3.6888795e+00
   3.7135721e+00
   1.1816255e+00
   7.9243469e-01
   3.7841896e+00
   3.8066625e+00
   3.8286414e+00
   3.8501476e+00
   3.8712010e+00
   3.8918203e+00
   3.9120230e+00
   3.9318256e+00
   3.9512437e+00
   8.2507651e+00
   3.9889840e+00
   4.0073332e+00
   4.0253517e+00
   4.0430513e+00
   4.0604430e+00
   4.0775374e+00
   4.0943446e+00
   4.1108739e+00
   4.1271344e+00
   4.1431347e+00
   4.1588831e+00
  -1.2447435e+00
   9.3023902e+00
   9.3843137e+00
   4.2195077e+00
   1.0470237e+01
   1.0107115e+01
   1.0710625e+01
   4.2766661e+00
  -1.8170254e+00
   1.0492237e+01
   9.9988010e+00
   4.3307333e+00
   4.3438054e+00
   1.0212468e+01
   4.3694479e+00
   4.3820266e+00
   4.3944492e+00
  -1.6714758e+00
   4.4188406e+00
   4.4308168e+00
   4.4426513e+00
  -2.6250583e+00
   4.4659081e+00
  -1.9149512e+00
   4.4886364e+00
   4.4998097e+00
   1.2798560e+01
   4.5217886e+00
   4.5325995e+00
   4.5432948e+00
   4.5538769e+00
   4.5643482e+00
   4.5747110e+00
   4.5849675e+00
   1.1511284e+01
  -4.3816558e+00
