-7.181378357255867595e-01
1.898710945308643261e+00
2.721027681881977855e+00
2.909745122302231368e-01
-3.421537107034292036e-01
-1.019230800041370788e-02
-7.428440785185281506e-04
4.417274253249284938e-03
-1.859671214330165800e-01
2.523379020281714402e-02
-3.033826140839477326e-01
1.228164876268993035e-03
-5.735309411632192156e-14
1.785579906957184548e-01
1.985031247616224348e-02
2.436203814073994334e+00
2.061778189267063688e+00
-7.818346442775483268e-04
1.022370714549280732e-02
-5.416709990022372523e-02
