-4.197170083428057197e+00
5.984966488311396660e+00
5.025807250203878418e+00
7.848101254896075574e+00
-2.795875761796966952e+00
-2.266805267446460270e+00
-1.182664169887204686e+00
1.387427320772025352e+00
-2.685214042178332150e+00
7.547185307696410383e+00
-2.727773329572911187e+00
3.584148409989233564e+00
-3.338123652675893949e-01
7.869952895936398463e+00
7.598111708787076424e+00
5.349649226738244501e+00
5.789500011069710794e+00
-1.195879564011389729e+00
8.785430548043557053e+00
-2.857379471146746841e+00
