3.622932882269322974e+00
2.993734239580912782e+00
3.432170234418024268e+00
2.354002573649017105e+00
-6.521188082195551461e-01
7.319784363314624231e-01
-4.227240528123604180e-01
1.243850497897203589e+00
-8.920486179612412414e-01
1.725216643784404535e+00
-8.285811951420249954e-01
9.771830327933601623e-01
-3.267071073586270136e-01
2.277597347582864806e+00
1.651630278702021393e+00
3.295571512015018634e+00
3.088102852685661315e+00
-3.795926294624968333e-01
1.458924417419718234e+00
5.580336044730741518e-01
