2.059407187143110995e+00
5.443590356394405916e+00
1.812678713357555926e+00
-5.667237304544650911e+00
1.273271908685743359e+00
7.413801906246592077e-01
7.366182272297183697e-01
5.415324323021916131e-01
1.020052375741309358e+00
4.638432097974686030e+00
1.208739756594275017e+00
-1.041742565859223424e+00
6.582155550651078157e-02
-2.188342023281842241e+00
4.107259076616466054e+00
-5.017211231868814458e+00
3.396467119781898525e-02
7.368975317900310351e-01
2.402009190764479385e+00
8.081862264199757284e-01
