2.138383931231959689e+00
1.429648852449717111e+01
2.064337373855469338e+01
1.501719242559062861e+00
4.707364644742774717e-01
1.694576993206581977e-02
8.030527677140675974e-03
7.202399139768987657e-02
1.392674300200431037e-01
2.083000493188354174e-01
3.659238725662174452e-01
3.453354018169130929e-02
3.580163536179559617e-08
9.344274496423269349e-01
1.784182840302642459e-01
1.893635685164118598e+01
1.580428540309371499e+01
8.180713632950125519e-03
1.183089839981132235e-01
2.813436251142664365e-02
