7.289029639182041664e-02
-8.562961001400851146e-02
-1.107373647570493391e+00
-2.487245569668767354e-06
-1.463325811639904341e-05
3.789479592966620724e-14
-1.070897897157966976e-20
-3.278687470229868641e-15
9.854366282459372989e-07
-1.645337035314993689e-11
3.303023503825351228e-06
-5.492772467916184296e-18
1.057073322382692608e-74
-2.202166744473183124e-07
-5.136912235365176337e-12
-4.874499654054959552e-01
-1.496472670199810173e-01
-9.150325794206811031e-21
-2.028217857892626700e-13
-8.327121928499768166e-10
