-7.184707378078096784e-01
8.403465544595150050e+00
8.583676397557191251e+00
8.481091286247032235e-01
-5.172271948475410941e-01
-4.439180697645948165e-02
-7.756178974737354924e-03
2.118500691091278892e-02
-3.119884593039796705e-01
8.408413117264973424e-02
-4.668671903368659670e-01
8.179423212866418838e-03
-4.297031229822392946e-10
5.037319841420628830e-01
6.897984677747723281e-02
9.508225213618310079e+00
9.003007026593278894e+00
-8.033356544684519887e-03
4.050982749560102375e-02
-1.299949134887096458e-01
