-5.806187403752828047e+00
7.540147003214109134e+00
5.245464526073292610e+00
9.064213085112776014e+00
-2.120530988972169517e+00
-9.229475285435716492e-01
-1.678383286547338038e-01
3.508146506986622448e+00
1.356914518193746755e+00
6.732726289705535550e+00
-2.449632525776721081e+00
2.228403580689724883e+00
2.778299048210624900e+00
8.681262690727558962e+00
6.231134751373193836e+00
6.096295233575091288e+00
7.127787563642295154e+00
1.674286753159466290e-01
3.571425528012988515e+00
-2.193719187634112444e+00
