2.581470718565881395e+00
4.502500257671023576e+00
2.757273332880152417e+00
1.808854231818169067e+00
6.434083110518376003e-01
1.263976126844555958e-01
-1.592526257686907032e-01
1.529963191887683260e+00
5.747504164608230326e-02
2.895808807551044861e+00
4.849251531168683460e-01
1.013866543822092181e+00
-5.292852499126694532e-01
3.496881150598549315e+00
2.652699189150717451e+00
3.512589043143648393e+00
4.105478691978425410e+00
-3.090783031661112901e-01
2.063238779941880985e+00
1.480810075400185166e-02
