-7.582576717107061270e-01
1.505308509228139524e+00
2.378183278275200152e+00
1.253737213719280374e-01
-5.478417385430925934e-01
-2.404078890620917619e-01
-1.133860965613663063e-01
-9.905327803888083760e-02
-4.785844003674294966e-01
-1.019811853217659492e-01
-5.314236518816801702e-01
-8.157561192471575462e-02
-1.357727063439685721e-04
2.922869086159435303e-02
-1.047269199253823418e-01
2.058144880882490479e+00
1.666122789655928527e+00
-1.150963494762440031e-01
-1.058764876280437750e-01
-3.689563401990282876e-01
