-3.113323984155556445e+00
3.080664055196240980e+00
3.354721282581169639e+00
7.539343637134097165e-01
-1.369726993036086027e+00
-4.906514690355432418e-01
-2.453481949086369629e-01
1.198513214501945257e+00
1.157445064175008476e+00
2.063093153479428121e+00
-7.218472184863604646e-01
7.717032585851462123e-01
-1.138738963281621386e-02
2.480078592186048425e+00
1.992888698273412418e+00
2.095682467038478158e+00
2.415806225600674928e+00
-2.475391274527640184e-01
1.635388933060609951e+00
-8.425245910887804168e-01
