-5.215818994857864155e+00
2.947374157289393448e+00
2.651035685988099910e+00
1.046156025866854122e+01
-1.447635056515021557e+00
-6.488284809282547361e-01
1.077097278503889921e+00
2.943768514440157524e+00
-2.496094025026403429e+00
5.133910332280910538e+00
-1.363798119144559173e+00
2.806273324549280801e+00
-1.519619892444543652e-01
1.060356432727784259e+01
4.606931117646859697e+00
2.636847042249627737e+00
2.799289911250054885e+00
1.096077828278711808e+00
3.564563576349383478e+00
-6.531866544783008877e+00
