-4.004133966132275901e+00
5.116520448082528816e+00
4.450704563486666210e+00
9.100520711209501457e+00
-1.888924470674028910e+00
-1.489274075296738831e+00
-7.516763402808827044e-01
1.760370631174857481e+00
-1.644313482123898051e+00
5.127959128331381677e+00
-1.709493699378201281e+00
1.182773738543015707e+00
1.201419679955315623e-01
9.124820128259592877e+00
4.509215391649159521e+00
4.617439769440962571e+00
4.936061759825574491e+00
-7.664298151067411302e-01
3.009309638358634853e+00
-3.162948601221446054e+00
