-7.627622306929169316e-01
1.315162434600536390e+00
2.254302912987186769e+00
-1.712338990463737609e-01
-5.572675817583675473e-01
-2.907235894217458094e-01
-1.661080634047936433e-01
-2.437486428275107697e-01
-4.851843532237043455e-01
-3.121233046190584615e-01
-5.398362622290294732e-01
-1.885541349356837926e-01
-2.699258627498523147e-04
-2.568939220462794770e-01
-3.050559639172938375e-01
1.911172441759106944e+00
1.489324050917697706e+00
-1.680858561748396207e-01
-2.802417486356169607e-01
-3.921851954601697776e-01
