6.259295702997800248e-01
2.112672226856950530e+01
3.403453548126575967e+00
-2.121046421540849103e+00
-1.055910289681475822e+00
1.515293354580955765e-01
3.609116916230818428e-01
-4.007259233867585535e-01
-1.129622899578652584e+00
-1.200124962399527817e+00
-1.122813504752651292e+00
-5.381070686903476341e-01
3.677059042148440177e-02
5.549774041963444482e+00
2.800888038635641064e-01
1.030596719565578107e-01
7.128039636733523920e+00
3.592671727152436101e-01
-1.370815519932166993e-01
-4.973475468030010838e-01
