8.294859137906642754e-01
2.734902758631129860e+00
4.212513380279544251e+00
2.729915598098441309e-01
4.415935507008954541e-01
7.306578984043720082e-01
-3.943737733515257360e-01
1.632371904389537498e+00
2.679836249556469263e-01
2.424142088417968743e+00
3.860486432968562864e-01
3.324065241332118115e-01
3.493204456984234652e-01
1.444603135263212268e+00
2.215966845822968878e+00
4.031859190823519512e+00
2.689224903470986305e+00
-3.861933124433194475e-01
8.680070226010061507e-01
6.115629451844815101e-01
