-4.073367776515786076e+00
5.032351305988642665e+00
4.217703753504788544e+00
7.972391644109150022e+00
-1.772978550677275500e+00
-1.861761044338954285e+00
-7.246841249636070126e-01
3.588686695581807751e+00
-3.011534625998374182e+00
5.654287376135533449e+00
-1.871094016786913894e+00
2.960915895385480390e+00
-5.647687604233697645e-01
7.996741455852867553e+00
5.291620906361293564e+00
4.458705310913048336e+00
4.842157310259095127e+00
-7.292502851728904778e-01
4.398617778750338658e+00
-4.482115933017655429e+00
