3.000623775551332084e+00
2.801268129575849031e+00
3.329309678133934636e+00
2.027120327089321439e+00
8.350516356678082674e-01
-3.884428309236009347e-01
-5.901199213941531463e-01
9.537914484115594949e-02
3.620358768470968158e-01
-2.687678867197974597e+01
7.260870950225796205e-01
6.470534217874411853e-01
-6.756493837965324434e-02
1.968075704392026726e+00
-3.967056175084763936e+00
3.328074719976257700e+00
2.931567151937799043e+00
-5.822489601060680808e-01
-8.410965323072339128e-01
-1.962383982510273461e-01
