-5.386432815609836666e+00
3.509727644477560471e-01
7.630617406392415702e+00
2.580253814008279800e+00
3.369374810462106851e-01
-3.922408871399751806e-01
-4.349274559597107737e-01
2.678931648668613885e+00
1.165986063281797325e+00
2.430230327200189056e+00
6.797624535747341934e-01
2.297440252559332485e+00
-4.578596930267325726e-02
2.815246745577448806e+00
2.517946315475257713e+00
7.253257806665864393e+00
2.939888935777865253e+00
-4.341467102647197929e-01
2.691440434421587202e+00
2.486710063691124351e-01
