-9.795365184029797279e-02
5.662197068097519548e+00
6.721524080136831003e+00
-8.935467885298809421e+00
-4.460193292168113111e-02
1.986113818006490783e-01
5.980426693299876195e-01
1.705572995198424646e+00
-4.590840580853683406e-03
3.942249348850201951e+00
-3.660755012790894991e-02
1.189856610210922483e+00
-3.995899883612077930e-02
-1.343714169135114922e+01
3.345959763801283682e+00
6.106151099851784281e+00
5.798744025969268634e+00
5.887762991594593931e-01
2.353738249984429931e+00
7.717033466442180245e-02
