7.078445646117357271e-01
4.263560299547106247e+00
6.564873147720703628e+00
2.158253523479963576e+00
5.706795186480483340e-01
3.732885921925926942e-01
2.797770890347294204e-01
1.215605468592710237e+00
5.278902487417592715e-01
1.469291115674646209e+00
5.607411790301854992e-01
1.081381070852004189e+00
4.775190089188338094e-01
1.961091434858762028e+00
1.427538776028647316e+00
5.447195844075229942e+00
4.558548568047455340e+00
2.807538734298392624e-01
1.324707518383913207e+00
4.605857666694186947e-01
