6.232577891365874700e-01
3.337704301700783915e+00
3.741128477667108321e+00
5.986258398071448994e-01
-1.309731225074211469e+00
7.986937551850779027e-01
2.629339432076416849e-01
7.156269124542401494e-01
-2.051420289478928183e+00
-4.401200148235295373e+00
-1.662897465205157799e+00
-1.820369755509013476e+00
6.296965228042464835e-01
-3.916735131743989129e-01
-4.202425407227027954e+00
3.661214924145878236e+00
3.457470192921097141e+00
1.607652095568360417e-01
-2.067743433966746203e+00
-1.698212312168497551e+00
