-3.060468198434327824e+00
2.059153889177854246e+00
2.874927517977837965e+00
-2.794913970169601303e-01
-2.398449316554554844e+00
-1.187785003885899915e+00
-7.714083012090652280e-01
8.016957937366928633e-01
-2.063877312444470036e+00
2.712680973305423127e+00
-2.323387473634657585e+00
6.025530790372182199e-01
-2.344090767266005307e-02
-4.103234057965963189e-01
1.873267929421191136e+00
2.414019700182851391e+00
2.090398686074319112e+00
-7.778008513151329906e-01
1.109948204021562690e+00
-1.600654298677182563e+00
