1.489156229808534571e+00
9.215631320426356243e-01
3.401785940894128224e+00
6.377143247342065280e-02
-2.912689616036154838e-01
-1.080351130495432743e-02
-8.296744344574169538e-04
1.602815592485151708e-03
-1.885282583402876355e-01
7.108574703818704155e-03
-2.776771244378277714e-01
5.303627512685538115e-04
-5.832660743276818494e-14
3.991975990866658552e-02
5.789225578523349292e-03
2.031080181098667836e+00
1.155945150449012804e+00
-8.725241325642230095e-04
3.285513750555468793e-03
-5.596148841610704139e-02
