1.618453080606431227e+00
4.025720222993689923e+00
5.035457926371987192e+00
2.614606018228261775e+00
1.844134166271054642e+00
4.266934853890037571e-01
-2.063395282831796407e-01
5.054434565228247411e-01
1.202261105577267841e+00
2.143948550105167161e+00
8.205923780448642901e-01
1.469551963863299449e+00
-5.756799960250745529e-02
2.105623079902724903e+00
1.641070729790985450e+00
3.489119294182972730e+00
5.180884325838306381e+00
-1.769937144715199029e-01
5.422170711535000409e-01
6.064432015236731477e-01
