4.030551961937926642e+00
2.698940935093940841e+00
3.014511162539601052e+00
2.084261229313208119e+00
2.253132220677649400e-01
1.130414540653997157e+00
-9.435861246827750293e-01
1.345454553897909689e+00
3.121049283251760453e+00
1.648479322031550343e+00
1.170072717872806090e+00
1.140399861888775623e+00
-4.894589076273609535e-02
1.993987677429691852e+00
1.606022332687473186e+00
2.899738073835190555e+00
2.757967147790493456e+00
-9.133106096660495998e-01
1.489348352199511005e+00
-1.777566652757755827e+00
