-6.633431639749738373e-01
-5.471493786954271243e+00
3.626098477121534325e-01
-1.157215071338132173e+00
7.381508412060752145e-01
3.564433091052313651e-01
-1.216135210595910010e-01
1.935771638395583860e+00
1.296982469244412517e+00
-9.267645410960534402e-02
9.146188794861798144e-01
1.864691590581258440e+00
-9.744102309034864406e-01
-2.002217645846030347e+00
3.429309004981997422e-01
-1.665696350606563403e+00
-4.552180553453495371e+00
-1.159394502547580474e-01
1.312531740409779379e+00
1.019935275514738393e+00
