6.634043873325996543e+00
1.444213108478481722e+01
2.368457345540418402e+01
-5.369711343487764132e-01
-2.037589455682662365e+00
1.514018145522699754e-02
-6.700902773476569152e-04
-1.355357860661088321e-02
2.936453722589504878e-02
-8.115088890918908948e-02
-1.517823206113292578e+00
-3.496185978459798172e-03
-7.327471962526033167e-15
-4.474368396978725126e-01
-6.381623574624639694e-02
2.166894737615164601e+01
1.688091692529531684e+01
-6.874982024824838334e-04
-3.244307368883203591e-02
2.228729433653626746e-01
