-9.488762549502992583e-01
2.684268554241736382e+00
3.123909932023742009e+00
7.031980715153125505e-01
-2.310345994512180146e-01
-3.174909309808848223e-01
-6.521091437355747145e-01
3.513805418633346722e-01
-9.301608938670895624e-03
2.731953564044187557e-02
-9.789525186935303658e-02
6.464025860582824912e-01
6.202365330740116089e-01
3.857626009539600886e-01
5.674298167433722978e-02
2.984229640125259486e+00
2.784316692956681383e+00
-6.614272933498961393e-01
1.707779111742354639e-01
-8.805909466217897164e-01
