4.072182166948035587e+00
1.985956281327068584e+00
2.672185268420042892e+00
1.724189434468773374e+00
-4.170023299343776357e-01
1.845688235681034239e+00
-2.357538359268048112e+00
1.000688542409521542e+00
-2.416450643116794694e+00
5.265696527108558733e+00
-9.188874419522732317e-01
9.542811043198347054e-01
8.830601353135142384e-01
2.299577483385967014e+00
5.271869587206556851e+00
2.420446158274333293e+00
2.112429121870386339e+00
-2.457386496869970127e+00
4.205598543587293570e+00
-2.670146185818616846e+00
