-5.584849629203061383e-01
4.484213911029264921e+00
3.908174680058523087e+00
2.019377547842542864e+00
-4.800737343455355743e-01
-2.320815174791520108e-01
-1.307369186815554585e-01
-9.217553319847505700e-01
-4.238477577432768761e-01
-3.526548539943932248e+00
-4.684220782483399237e-01
-4.915595591729869929e-01
-2.653601078924608283e-04
3.457505811637435755e+00
-2.707333326800672069e+00
4.029787809557655365e+00
4.299858157797864067e+00
-1.322582378454317253e-01
-1.553979499548123755e+00
-3.291018846806563758e-01
