-3.075476401711645935e-01
2.004172110370719739e+00
8.744967138510061133e+00
1.838317287846737313e+00
-2.799535830154142313e-01
1.882416973317161124e-01
6.079305806859159472e-02
4.172487869567190720e-03
-9.856073752536098631e-02
4.241477908657519391e-01
-2.497882636590089411e-01
-6.510782370849376496e-04
1.041231674995443070e-07
2.227598823575032139e+00
2.947126168890808473e-01
7.882636501488255121e+00
4.155409415752457036e+00
6.239223999995434367e-02
8.501087831398169981e-02
1.862751709020577795e-01
