-8.016743477811190122e-01
2.182240620579296575e-01
-4.689837427070919079e-02
-3.325893368366054093e-01
-5.926697834457935743e-01
-3.804710825850717293e-01
-2.394624148076023584e-01
4.261546121231239992e-01
-5.183830883805288225e-01
5.706396394864901023e-01
-5.739408295980134023e-01
3.955081382961823100e-01
-1.165402381790230438e-02
1.811747951475412677e+01
5.414734894628285833e-01
8.514956315968820466e-02
1.891141324781577537e-01
-2.445857791060450370e-01
4.798935985060050480e-01
-4.465550421146637361e-01
