-8.451723462322844327e-01
1.370992349518147790e+01
1.140244132476093597e+01
-1.057626198783717264e+01
-9.462910872978571586e-01
1.008373016453723015e-01
-1.532485175419566081e+00
9.654019919864045285e-01
9.235196623378776337e-01
8.491443263159325738e+00
-4.687326496860049652e+00
2.194564785502367776e+00
1.000773108432569947e-01
6.790904052086821352e+00
9.456873078487129547e+00
-8.111703698190108724e+00
1.856976891020875797e+01
-1.660437196285588168e+00
3.835294376452846876e+00
-1.222674705741132684e+00
