-2.933528721501033054e-01
2.075884149901382203e-01
-3.152367462722792002e+00
1.510428690935991414e+00
-1.960930302307126727e-01
2.841731685373189986e-01
9.389894699635968622e-02
4.094125973541416497e-01
7.743818052882295300e-02
1.651544959609518193e+00
-1.403329723061098322e-01
1.438660549340462502e-01
4.379201433334249443e-04
1.617836646771419584e+00
1.314042634907319540e+00
-4.084344807340969830e+00
-1.408622806612203737e+00
1.000847029885609946e-01
1.087864392322549723e+00
3.251803681681775804e-01
