-3.486455487526052832e-01
-6.516573920918878216e+00
-4.554934454404164779e-01
-1.107581225664039382e+00
9.564641342548179520e-03
-3.958581479690782140e-02
5.889150984229805409e-03
6.201944492911772716e-02
-3.486988012084139832e-02
-1.269411759977862320e-01
5.484202782615528460e-03
4.305007339758787355e-02
1.617365795776708966e-06
-1.228216301120223841e+00
-6.393036882603815585e-02
-4.192666094834902601e+00
-6.688428810909472944e+00
5.610088247547660376e-03
3.302144356263375657e-02
-8.426831349696896345e-02
