-5.202992400255251226e+00
3.852031260567911453e+00
3.087939518292504459e+00
9.196029914521151483e+00
-9.961892846656117406e-01
-1.735572031046355601e+00
-2.858633092827848055e-01
3.877909974973187346e+00
-2.361737676281299159e+00
6.028029651411824119e+00
-1.128382384321914067e+00
2.873077112331708705e+00
5.180297237564002177e-02
9.051624150028391824e+00
5.666510396590874521e+00
3.226202334295492857e+00
3.606717528754768587e+00
-2.953556133248901316e-01
4.778977506449750834e+00
-3.580662543791704344e+00
