-7.948580448657389663e-01
1.962261173696276728e+00
2.776499917544078766e+00
3.981895200162704485e-01
-5.400482385275067188e-01
-5.048606409642140969e-02
-7.730033146777529236e-03
1.931361918761464666e-02
-3.754102291798134261e-01
6.545692147545763284e-02
-5.046514721491102140e-01
7.980886142511231518e-03
-4.272185736963844579e-10
2.735210556449523822e-01
5.522167695968192846e-02
2.493727314807057560e+00
2.122618160053838299e+00
-8.019307423851899583e-03
3.463702616725392036e-02
-1.642923291480263281e-01
