-8.389504895239356941e-01
1.798239428850914479e+00
2.608745155998539289e+00
3.968058213190374106e-01
-5.490008021760762746e-01
-5.657480367235567797e-02
-9.657478425604108102e-03
2.455698614603155777e-02
-3.773876726817954053e-01
7.631087265797714680e-02
-5.106511795936541365e-01
1.065285262740960776e-02
-6.394397811109432349e-10
2.817584122493173027e-01
6.524611619169354282e-02
2.315457405151937209e+00
1.950383185376688422e+00
-1.000070157967092310e-02
4.236690337413954316e-02
-1.706841343222884610e-01
