-1.074736518101560012e+00
-4.302099176893587007e+00
-3.075105503186757350e+00
-3.602197473606243983e-01
-5.535320628899292883e-01
4.895419192261192542e-02
2.296245396384218734e-02
-9.787384323638144423e-02
-1.556135754188250619e-01
-2.222442809779739681e-01
-4.453958889165161028e-01
-5.578783271046611203e-02
1.545821963877804842e-06
-4.762602247613182405e-01
-1.972412622897801726e-01
-5.606736989262993909e+00
-5.324023872247459543e+00
2.336303017443147265e-02
-1.433777779629342441e-01
4.228800493024807011e-02
