-1.063347980702204154e+00
5.957317831385735118e+00
2.909780867128870341e+01
-2.260700183596825674e+00
-1.265765141105668068e-01
2.160018058368636806e-01
-1.400668426897472285e-02
1.443460844491777140e+00
1.448941662829362098e+00
5.914213207420889518e+00
-6.659808748432816117e-02
-4.318396832345652303e-01
1.291663035385990921e-01
-9.807015533295655452e-01
5.080932662196568472e+00
1.402069379242062830e+01
9.749096701657231634e+00
-1.661259846797752404e-02
3.051586967917927495e+00
1.036435447272660237e+00
