-1.749408611417022641e-01
2.780685029930894281e+00
3.287869709416900932e+00
4.096525434165650958e-01
3.516690862641144166e-01
-2.459843704424654609e-01
-1.304875580003328928e+00
7.417408153032599705e-01
1.868822299117362418e+00
-4.046794702429149737e+00
5.497068060048637683e-01
1.133439802540090025e+00
-9.259177149906726578e-01
-5.281917042575973165e-01
-4.227930016726693552e+00
3.107075550970717526e+00
2.876123599602225411e+00
-6.431255457956813748e-01
-1.932813640873766836e+00
1.676816774497643214e+00
