9.885486461838105754e+00
2.372707267224592353e+00
1.334237608795967311e+01
-1.675511002156403473e+00
3.548500282360208757e+00
1.506940386464242554e+00
7.442737685477981424e-01
2.429497935664229225e+00
1.820478336336630143e+00
3.875744459010523890e+00
-4.418177977355739472e-01
1.521693816723041603e+00
-5.369761541394910687e-01
7.993524437418152440e-01
3.743681132786246479e+00
7.566762348023427620e+00
9.484408912941596270e+00
7.586535699397652932e-01
3.185275154440263545e+00
1.459638553671636751e+00
