-4.507862452232976658e+00
1.173404786412405976e+01
4.568593789660443605e+00
3.864026423221875284e+00
-2.348653166846091267e+00
-5.491896753492702121e-01
3.548611562640313632e-01
1.878632692433690465e+00
-1.622324001630349066e+00
2.349260028743151985e+00
-2.124656978069897839e+00
-2.521751095221125638e+01
1.708190645752694081e-01
4.088658018642223446e+00
2.965873081542093281e+00
-5.172169631521992983e+01
1.306194541406449439e+01
4.617533751315321400e-01
1.121883089826209767e+00
-3.330964766578657921e-01
