4.027322148632406673e+00
1.588105234735318616e+00
2.322921037207330119e+00
2.193513984270136774e+00
-8.798019708278738138e-01
7.547557273150473645e-02
-4.642310821211232952e-01
1.682779485439830580e+00
-5.087456956688252152e-01
2.619340978245430662e+00
-9.554973183250544677e-01
1.033059255862301518e+00
-5.513016932787858648e-01
2.539620661065226326e+00
2.512284525211809338e+00
2.023755990333818922e+00
1.701875395057398599e+00
-4.588219473376757840e-01
2.161554200951809168e+00
4.377588242479377723e-01
