-3.239499569657577904e+00
4.245338240740665015e+00
2.121009591334110933e+00
4.220524549123497948e+00
-1.693984563825778444e+00
-8.396709661700985095e-01
-7.100134066955358092e-01
1.237282413737560205e+00
-1.348726810468147352e+00
3.132356063068084673e+00
-1.606890380805651386e+00
3.069909625014903831e+00
-2.097101851597138467e-02
4.073548540043496757e+00
3.535232845494670872e+00
3.556534833121545613e+00
3.754427548769794676e+00
-7.143077757909609415e-01
1.537206156482749719e+00
-1.012840896796445289e+00
