1.838641734034629771e-01
-1.309526934902228712e+00
3.107305949745761797e+00
1.167193832847302826e+00
9.356312208576066103e-02
-2.655072505004114208e-02
-2.638500991943098367e-02
-5.700457105009117814e-02
-4.913806910091722546e-02
-1.841762011100982199e-01
-1.008356935808956984e-03
1.477691929798960191e-01
1.312439828124144763e-09
6.468415965481959518e-01
1.804415580522911733e-01
1.653189633141485038e+00
-4.829633006849368138e-01
-3.026134074792997605e-02
-1.036605094259326482e-01
8.997267981263565306e-02
