4.228820616316076197e+00
3.846129068929255546e+00
2.623837266667522705e+00
2.057503346822939783e+00
-5.934764171128206756e-02
6.614522337727681833e-01
-7.819356096340538409e-01
1.286002883049611523e+00
-1.127670521144561233e+00
3.750383387103621402e+00
5.920109010703555885e-01
3.177640733085980718e-01
-7.677781403373808156e-02
2.418923997921945457e+00
3.487538975986232970e+00
3.106100126136090100e+00
3.802065613600335681e+00
-7.625365693937969924e-01
2.501778010850217449e+00
-3.892151459631008059e-01
