2.985358448421199018e+00
2.329932045928375217e+00
2.755929516057712636e+00
2.426774216531364825e+00
-3.258846708485997334e-01
-4.337450539799516114e-01
-1.164364602834794260e+00
1.574748767443061803e+00
2.135525925349163467e-01
3.070283597435093270e+00
-4.805896797558608519e-02
1.674832121779875838e+00
-6.028727346127404213e-02
2.802582883828335092e+00
2.787791426570491282e+00
2.474541429384429225e+00
2.283380348587392916e+00
-1.159290703403952572e+00
1.988137616153292431e+00
-1.584118806609789709e-01
