-3.586602132150753519e+00
2.458438436775235658e+00
5.289085102316437137e+00
3.483252732375873073e+00
-7.220181165448992244e-01
-3.508482284252253947e-01
-3.094108503289127454e-01
2.427852747471463957e+00
-2.415296893636122433e-01
4.339599244429440894e+00
-5.615339765371005765e-01
1.672952185980833617e+00
-2.023995025359211913e-02
3.802340697191874952e+00
4.080123405739125353e+00
4.823260272500657031e+00
3.123706378713678955e+00
-3.109520732363115214e-01
3.285716934777695108e+00
-2.465378715684107824e-01
