-4.270111778097585464e+00
5.256768008870079001e+00
5.524741716104887956e+00
3.827391694019377510e+00
-1.497446037165556909e+00
-1.321412664379403079e+00
-1.143413471481123933e+00
2.049946473403989611e+00
-1.228660461617649524e+00
2.642797849801537424e+00
-1.397809585866319981e+00
1.703033469106108644e+00
-5.338708706604824994e-02
3.545475182813427661e+00
2.551343313334475393e+00
5.462883502123104584e+00
5.329457883905854843e+00
-1.148307995774777712e+00
2.315716981397893726e+00
-1.274975048122187982e+00
