3.809044026647814718e+00
1.830902811072508296e+00
2.490850398773407193e+00
2.306283347281365970e+00
-2.043912953595271809e+00
1.039064469711199923e+00
7.227046838075805724e-01
1.559732194607652112e+00
-2.596577969801202812e+00
4.078991503664089358e+00
-2.550438566259253470e+00
5.716094683228547524e-01
-2.749477427018357650e-02
3.244989738009182556e+00
3.756435436731760724e+00
2.261785176972418654e+00
1.960836054855170207e+00
7.736950555948443053e-01
2.726157575544081890e+00
-6.645507305514815055e-01
