-8.451774555643952747e-01
2.400379025988579773e+00
2.847847541273596850e+00
1.663920540385767755e+00
-6.375486555956596524e-01
-1.689411173277257927e-01
-5.862103741873351398e-02
-1.164242450924439787e-01
-5.087834697803629291e-01
-1.607593612120710835e+00
-6.097302092281625674e-01
-2.300844210888395441e-02
-2.343324132401511777e-06
1.725488826976604662e+00
-9.529154579300168626e-01
2.683413633730706849e+00
2.483380579897605855e+00
-5.987773888269801170e-02
-3.345714714403472123e-01
-3.212386371837228638e-01
