-1.904766323720184618e+00
-4.151463154165634384e-01
1.145539102370223050e+00
-2.670903526746765677e-01
-1.069643310021704125e-02
4.452725439390303186e-01
-6.988838869494590732e-03
4.062564212224099580e-01
-4.636429549510932488e-03
2.652199198996509910e-01
-4.198223809059095091e-01
3.957897303077428930e-01
-1.750879008917907709e-02
-1.270419865469739340e-01
2.957241394312253857e-01
3.489081835482419902e-01
-2.578786327041940885e-01
1.050323994099231108e-04
3.614071787838121219e-01
-5.589532470067885006e-01
