-7.257182889181501562e-01
2.518679713131201758e+00
3.055160130808261876e+00
1.184721126881223885e+00
-2.980648941868000446e-01
-1.120304012637561186e+00
3.547583566954621848e-01
8.133245641512628632e-01
-1.143294876033524865e-01
1.199478933830303573e+00
-2.569121535641334386e-01
1.870284936016430866e+00
1.408956512991422549e+00
9.309087244464300248e-01
-6.841549913143307737e-01
2.868363679106216146e+00
2.624938088580445417e+00
3.495511368635870753e-01
2.223333354801338979e-01
-1.093472397997329315e-01
