-9.162960084677891359e-01
1.283449031399465090e+00
2.546900322793521187e+00
1.123239300034811761e+00
-3.469407734964450873e-01
-2.282118309840656944e-02
-1.057483088732367321e-02
1.752148542476332782e-01
-1.730976033127669400e-01
-8.508044063208551888e-01
-3.011378271722652822e-01
6.976533572063240429e-01
4.064296428954761176e-01
4.666265066225947500e-01
-7.348899148252479030e-01
2.283736173999323160e+00
1.666849481606217598e+00
-1.113031908926344349e-02
-3.296447962817925514e-01
-5.015323292298513869e-02
