4.082765185330060831e+00
1.741417930053455798e+00
3.023727000698522183e+00
1.554625449829467820e+00
-1.223259146237700268e+00
1.485832904080296724e-01
-6.676115408796058359e-01
1.251326690779727357e+00
-7.333794209472779824e-02
2.420022578251184164e+00
-1.321616993768872428e+00
9.704302339596615479e-01
-4.750066697183987635e-02
9.719616444502406916e-01
2.205071652901760881e+00
3.982868824990611234e+00
1.633521582083363954e+00
-6.552099824833417241e-01
1.671315795767906343e+00
5.528608264836013531e-01
