-3.089067501391840054e+00
5.515738671631836842e-01
1.881879858873944045e+00
1.959750449020487117e+00
-6.576365697793898901e-01
4.740931053586860955e-02
3.414171098473982591e-01
1.718443551977205885e+00
-4.814350002993678102e-01
1.878324909342363735e+00
-6.182563132092179226e-01
1.614971163183653857e+00
9.766957459999998648e-01
2.004277179980892942e+00
1.855529755186808849e+00
1.200509572408470005e+00
6.471627362349210433e-01
3.366418875345271733e-01
1.793274935815737159e+00
-2.130862943390043895e-01
