-3.455546981699456843e+00
1.403822406440816017e+00
1.207761061594231355e+00
2.066044152164379533e+00
-1.414598574009759080e+00
-7.519970130708376610e-01
-2.945428156853349133e-01
2.106109320872413981e+00
-1.245003649196500417e+00
2.189167668661713861e+00
-1.367574306618881241e+00
2.010219260838328914e+00
9.532620296356363321e-01
2.129263963366583745e+00
2.182845509194931921e+00
1.250775607628009212e+00
1.351678044484752927e+00
-3.028885525554464442e-01
2.155730839410381350e+00
-1.041888252661838266e+00
