2.958542429450860212e+00
3.124404021729284775e+00
3.532490371424515718e+00
2.829328558030201446e+00
3.399164488351875679e-01
8.775674735391212344e-01
3.116334037370747656e-01
1.504185821965130732e+00
-3.980936955316722314e-01
3.256188634467008569e+00
9.905487952875735580e-02
4.196551644964818806e-01
-8.685217669261445506e-02
2.906480869437354286e+00
2.959532924551699917e+00
3.375650449354896221e+00
3.194695426347428313e+00
3.369661401111967991e-01
2.093650854721290422e+00
1.317627655070966186e-01
