4.146045238719468173e+00
1.784556367803896482e+00
2.275204530469058017e+00
1.952436139996925890e+00
2.170102008777917701e-01
-1.091784671038429355e-01
-1.248318818229997573e+00
1.991580538999438765e+00
-4.572970736623012122e-01
2.735397031925867140e+00
6.966899203974556976e-01
1.415386726493121694e+00
-9.634462154445416759e-01
2.405975142593538507e+00
2.656210047631430538e+00
1.361582111482063429e+00
1.376459312299810778e+00
-1.237182085180304592e+00
2.383575112885051528e+00
5.432812437674428008e-02
