-3.653907570959066486e+00
3.636372097571183737e+00
3.316509522089329032e+00
6.497624916508168980e+00
-1.567644530409989301e+00
-1.728763914291115089e+00
-2.630621564935012868e-01
3.449659575236917242e+00
-1.663331573118093987e+00
4.791042096503819181e+00
-1.482565580070956734e+00
2.774573248306476891e+00
1.854728962791704072e-01
6.428252238835763244e+00
4.580653941655153716e+00
3.341872713834484809e+00
3.511573733685478427e+00
-2.696825453619677848e-01
4.041033473960057520e+00
-2.898907936480222602e+00
