-3.497652713169033145e+00
1.450611261993307366e+00
1.537236621563514261e+00
1.628058903443589944e+00
1.032292779380412640e-01
-2.527240859113097926e-01
-3.962590950394651035e-01
3.266109909634391517e-01
3.331257707600899787e-01
6.418945775352123739e+00
2.260591035954100381e-01
-9.022653781875634715e-01
-2.459083439661394893e-03
3.372368139771510176e+00
5.368410589058479232e+00
4.083645776007307493e-01
3.409665588115723400e-01
-3.956334114664853963e-01
2.595064628563526377e+00
1.787144286548266597e-02
