2.370893680750664867e+00
3.019081682058388338e+00
3.288928810926732726e+00
2.499018821126214096e+00
1.165547305420944646e+00
4.403887112374122448e-01
4.157533085003328188e-01
1.330736163588607246e+00
1.581784384279033118e+00
1.872253775776745899e+00
2.087876827894208365e+00
9.932593706297951908e-01
-1.954970352094620098e-02
2.398076444985260292e+00
1.797216798489066125e+00
3.188640518189732820e+00
3.068261069837450172e+00
4.320917729159337028e-01
1.587391830439193630e+00
-2.203689610970594737e-01
