-5.709139660021853580e+00
2.233458337941302574e+01
1.699814692098436808e+01
2.065468637626756809e+00
-8.271740045593969359e-01
-3.090795698257762236e-01
-3.571398491662787777e-01
3.384908995119563002e+00
8.919074863766588424e-01
5.260519892182493606e+00
-2.214864648627900001e-01
2.281330255057874457e+00
-2.251560391704892153e-02
3.830503973923425232e+00
5.031250466832382529e+00
2.212514558074681048e+01
2.352029622543105347e+01
-3.585549191629069932e-01
4.300848486787426594e+00
3.141947728319483546e-01
