-5.064278935184358232e+00
4.666233573291746595e+00
3.279411951408572001e+00
1.037953199015420047e+01
-1.744794928978494974e+00
-1.780564186825924544e+00
-9.291782603720629696e-01
4.165413257261509017e+00
-3.360130441303541105e+00
6.730708525625821892e+00
-1.942645917041286863e+00
3.030582224666506619e+00
-1.038570312795918937e-01
1.008138971354831881e+01
6.307437700270968506e+00
3.542209620665563996e+00
4.242610360828784621e+00
-9.299019533562928874e-01
5.246529888432905686e+00
-3.784886585455900843e+00
