-5.398103529161990544e+00
5.796965401913826810e+00
3.807450627729252801e+00
8.731764862508780922e+00
-1.589907075968227890e+00
-2.372439720474079916e+00
-7.935506498062161462e-01
3.589427327208151386e+00
-3.480214679005213974e+00
5.593199398564575375e+00
-1.905155750698773964e+00
2.613016529119392306e+00
-2.053299852357088340e-01
8.285775493942278302e+00
5.269610531497831651e+00
4.386216345328916688e+00
5.342491689333114024e+00
-8.117876840516891068e-01
4.450902843300310607e+00
-4.123534247526750462e+00
