-4.264739614420363090e+00
6.327456904919891656e+00
4.971220106762873847e+00
9.510765787845489427e+00
-2.278757680269178465e+00
-2.218434136386787880e+00
-1.153064590293444436e+00
3.499461926196381967e+00
-2.558590006023747421e+00
5.371336601064093053e+00
-2.295180859914046856e+00
2.675636292355117796e+00
4.883953225155668321e-02
8.835821890160790559e+00
5.040239688596271250e+00
5.366815384078816642e+00
6.003979276513252472e+00
-1.165840849671490487e+00
4.258366091594677272e+00
-2.876293155055314354e+00
