-4.289772537572381417e+00
1.234571936534652181e+01
1.292840087042529618e+01
1.182692519159618705e+00
7.557198970933556303e-01
-6.845602174595275535e-01
-1.005571737135564581e+00
4.168929487615629981e+00
1.528097459118382240e+00
5.972559813500590842e+00
1.101028186174066725e+00
2.764961408169433366e+00
-4.635021631330044078e-02
-4.036202862456894636e-02
5.906960580567215402e+00
2.531519587680402594e+01
2.001607751906045607e+01
-1.007189822128638168e+00
5.272107576741325907e+00
4.520357633411542508e-01
