2.946891476180362623e+00
-4.207979518714518363e+00
2.159201448266802004e+01
-6.643980539667692753e+00
-5.448455491234791559e-01
1.047225480385970187e+00
1.110208699687719180e+00
1.349871470123821249e-01
7.501743172611810007e-01
5.504316356508788921e+00
-7.820339714563564470e-01
-1.293887102729387450e+00
-5.360042702393625902e-01
-2.075638158371416520e+00
4.754128509090193688e+00
6.861695891736882658e+00
-5.687774363714570569e+00
1.122874894523395950e+00
2.440987047011377253e+00
1.410002320218485039e+00
