-7.669370065610348064e-01
1.939621514232019672e+00
2.676498069969377003e+00
3.664038730716981940e-01
-5.252409040055887601e-01
-3.155000902404125201e-02
-4.399504740821236215e-03
9.892321931016672537e-03
-3.419616468866043535e-01
4.044446231671529335e-02
-4.880524302142831838e-01
3.814960435730736267e-03
-2.148532481526358911e-10
2.331455514748651814e-01
3.301567046608069184e-02
2.418955192082684835e+00
2.084616713335723848e+00
-4.568278315453274015e-03
1.913069616007820675e-02
-1.228513030676244427e-01
