-3.409206889857248512e+00
2.968196505960171816e+00
3.350317986078804822e+00
1.993477297161760253e+00
-6.269254413042923968e-01
-5.538983716757431841e-01
-4.597265777516536533e-01
1.000800245164562119e+00
-5.990403389305559712e-01
1.320453753412063502e+00
-6.117721029953162581e-01
8.188143118449872082e-01
-2.303350089836573092e-02
1.828320744575363088e+00
1.270459277057530256e+00
3.207365749667558052e+00
3.039495294784585244e+00
-4.617425903958644051e-01
1.142795613810097644e+00
-5.919006691998440761e-01
