2.638078214064049742e+00
3.290110580638560211e+00
4.064686657249977131e+00
1.761619487184086008e+00
-6.157366032410881429e-01
1.095382061023515013e-01
-2.208559358098289294e-01
1.343725113111291281e+00
-5.868360753343252467e-01
2.390435167570003738e+00
-6.804120413585554861e-01
7.224984813377364201e-01
-2.076935334688508397e-02
2.081315617269891227e+00
2.278502681911382055e+00
3.859735879208846310e+00
3.486575292478134802e+00
-1.890556410934179643e-01
1.883913657270698261e+00
-8.093990237761115036e-01
