-4.107062008499518524e-01
-3.077304592735569333e+00
-2.244154861798837164e+00
-3.300127345701346915e-01
-3.992124264345648932e-01
-1.086444784546145292e-01
-4.193286458873878714e-02
9.591473805677597220e-02
-3.268750217883057418e-01
1.144125494865957521e-01
-3.852049312601566466e-01
6.710819740861137528e-02
-3.108579261933990011e-06
-1.240959079490422251e-01
1.165112535106627573e-01
-3.079266369414443094e+00
-3.204559846166627590e+00
-4.271480726939406308e-02
1.121365001485416929e-01
-2.050305063502278202e-01
