-4.026492905324622340e-01
-8.106611463890969205e-01
-7.883711845288289277e-01
2.155182039828615448e+00
8.220371882560456589e-02
-6.730781099976780313e-01
-4.358660423777426796e-01
9.643459881978925230e-01
1.016097251681718355e-01
1.750683853698273396e+00
1.122699561087440873e-01
1.455659787754826351e-01
2.384248658431137036e-01
2.183648267614492156e+00
1.681400709942669103e+00
-9.779947452213358927e-01
-9.219507175431485013e-01
-4.503457374215250608e-01
1.427445290301460057e+00
-4.024959295812095550e-01
