-2.124647183621588109e+00
8.975853828330031092e+00
7.501979526269723308e+00
6.590417467621152880e+00
1.642164125517923345e+00
-2.032176056077140025e+00
-1.711312918821564999e+00
5.156114483665331427e+00
2.421857242916803710e+00
5.975664152033605347e+00
1.922885969820885332e+00
4.316676180231213245e+00
-1.843726053019076050e-01
6.417154611637521100e+00
5.893113571473142187e+00
8.328779840195689843e+00
8.920891027162081599e+00
-1.748437536357226207e+00
5.612196952063402300e+00
9.196076016696177469e-01
