3.725304963407866321e+00
2.944953078178013328e+00
3.248900769018892909e+00
2.428047707883788764e+00
-7.953950432824654637e-01
3.185028164922672905e-02
-1.181982154079725067e+00
1.284592387895586274e+00
-1.068224123187309971e+00
1.736944952462513569e+00
-1.023180883056243218e+00
1.056260412988435649e+00
-6.264613590858401915e-02
2.313296713919652969e+00
1.665907722689545567e+00
3.133044948950475916e+00
2.998290400130485533e+00
-1.165529435976002226e+00
1.482492964511186839e+00
1.405437451315988129e-01
