2.473818049034306021e+00
1.277152665068767767e+01
2.406488925328651618e+01
-3.859786452645214361e+00
-1.463689645509038240e+00
-2.993459373568069237e-01
-2.262302008968219980e-01
3.954304215528412936e+00
2.223388028884558665e-01
4.539294094037019001e+00
-1.204866922898677029e+00
3.007760685214492025e+00
-2.599815904123897736e-02
-7.515490995632947424e-01
4.549239669326877511e+00
2.239995150585371064e+01
1.628102882366644621e+01
-2.274539117900395979e-01
4.390310858202932209e+00
2.236225221293319798e-01
