-3.068366202535345089e+00
5.476375422353744860e+00
5.493621934350507274e+00
2.446735591952084121e+00
-1.429360974973878484e+00
-4.648226905815344701e-01
-4.787603831192397408e-01
3.603285732455322687e+00
-9.255765138699825201e-01
6.692998714759091250e+00
-1.298390762325285719e+00
2.657744685434807685e+00
-4.513114650329190514e-02
5.729104221380203477e-01
5.912457629046323326e+00
5.550781012187257168e+00
5.522209056957112949e+00
-4.786167766864658502e-01
4.584685393207168502e+00
-5.515438146863143043e-01
