8.634061442696367578e-03
1.515849068101307873e-01
-7.103076224007993933e-02
2.460612135548371771e-01
-3.875083182783733288e-02
2.487953866085942656e-01
6.650887641629060765e-02
3.191175453044425153e-02
2.042311722650367797e-02
2.899165543442256965e-01
-7.517366904464772848e-02
2.125520686815239330e-03
5.845269519367744500e-04
1.417391674325159216e-02
9.579280886145985496e-03
1.396118582662362884e-01
2.537021213818371084e-04
4.091697458938282276e-04
2.058485975958643799e-01
9.033710103536915503e-02
