-2.381423575712389787e-02
-1.266814801216550324e-01
4.410720439895161604e-01
1.434874681762952041e-02
3.672282328242904570e-01
2.151697460151725735e-02
-8.975833212378399317e-02
1.388799696929947369e-01
3.036030576786346025e-01
7.899683519401762277e-02
1.235564131588346021e-01
3.230467732027462180e-01
1.838594866464588959e-02
6.653988884840114637e-02
6.557957953465885781e-02
-1.342246287652132108e-01
-1.006000081319217629e-02
-1.240455109224642381e-02
1.983963495060508120e-01
2.495821432209192614e-01
