1.399228977346151032e-03
2.558490129495650037e-02
3.646994866004023284e-02
5.746891115587574039e-02
2.161029052442647869e-02
5.935909903648863700e-02
1.084183052657707209e-02
9.901430386168117576e-03
4.722925826472120642e-02
9.869430916784073526e-02
1.030637333104761633e-01
4.579788589552359623e-02
1.106156378766974909e-04
2.601680395304195939e-03
1.792408685439276844e-03
2.318962933072261923e-02
4.590602323315737921e-05
7.356863391317073253e-05
5.975748805231388683e-02
5.198169448949704896e-02
