9.474135901768956231e-03
4.997168436527722746e-02
1.947494521752335395e-01
7.895368115643610837e-03
8.967339212692480854e-02
5.824895752104035374e-03
2.306264359849916415e-02
6.742657516162811615e-02
1.555320862147653582e-01
3.461900880570623062e-02
6.136626234318484641e-02
1.686186378628284355e-01
6.784045026656271857e-04
1.282530416189881645e-02
9.543879396794994335e-03
4.795191994689568249e-02
2.943433693564708885e-04
4.736532505398686230e-04
3.244819878315159389e-01
2.382865869865115060e-01
