6.993577188853000726e-02
1.180951866775750425e-01
3.979740690893304733e-02
1.301297509284511100e-01
4.904553816503449959e-02
1.300674246228198661e-01
1.032426718667509291e-01
5.819498454144535204e-02
3.380413002097729797e-02
1.074703013559770437e-01
9.343474423678659047e-03
3.457641872388049487e-02
7.986752809217083360e-02
8.934347583576213170e-02
8.722304562831610653e-02
1.161638360307476608e-01
7.614172345614615700e-02
7.576360278770637169e-02
2.733943708863389999e-02
3.129040596296920468e-02
