1.013659861455839944e-01
1.574694468891496904e-02
2.893818390282665853e-01
1.117035015207557269e-01
2.710478782862634772e-01
1.124785519257646971e-01
-4.514273724791736248e-02
2.235368841820259134e-01
2.909756063153741690e-01
1.130385661121635216e-01
7.178838487949755487e-02
2.913901507243841227e-01
-2.678514582867146804e-02
-7.558927087186932681e-02
-7.340193123360123917e-02
5.869334841701888232e-03
1.851677364454909838e-02
2.351532586136921912e-02
2.752295485080428206e-01
2.877672482857293046e-01
