6.380918672285587623e-02
5.265977476017636577e-02
1.522899867661761386e-01
5.008657057174296934e-02
9.101167044629626668e-02
4.996399758486810144e-02
5.474221801502242996e-02
7.346999405650696258e-02
6.122355984408084373e-01
4.766708647780232289e-02
1.182663461073107936e-02
4.123570873956012850e-01
5.969243153751060960e-02
5.722050617776768683e-02
5.769651206149201822e-02
5.292545318968624318e-02
6.098782825750032055e-02
6.113344911983444041e-02
-1.167160921966789722e-01
-7.016480320652559444e-01
