-1.165000186602530567e-04
9.401860919944313166e-03
-1.624199477989963711e-02
3.311617316878168876e-02
-7.259497697540535054e-03
3.486171547266801035e-02
2.543345149429443019e-03
-2.217014715820132559e-03
-2.430448928359000421e-02
7.961160813307086026e-02
-8.560383682905660374e-02
-2.316023345533542790e-02
2.585295321701540973e-06
2.958257914146198678e-04
1.689914375433698170e-04
8.086789112122256401e-03
-6.911215171457060330e-07
-1.402181079613168603e-06
-3.523432011743148073e-02
-2.825828448128435422e-02
