9.506574018362187045e-03
6.333296064968460537e-02
2.271808413194217613e-01
3.645151269389728527e-02
1.479103989142819819e-01
3.381860158083250384e-02
4.339573532655699450e-02
7.019492668354873621e-02
2.679833925726523014e-01
1.020122859407996009e-04
2.170215285749668988e-01
2.634225007322116285e-01
6.784506800789081573e-04
1.385113525874182537e-02
9.883738402771579529e-03
6.224353992155256393e-02
2.943475455048071574e-04
4.736686129729779913e-04
2.959705929638986044e-01
2.811494550747568044e-01
