5.357552866981720753e-05
-1.057247643489329370e-01
1.105275002901798809e-01
2.412831869284552122e-01
1.935573221287147094e-02
2.067120039912025420e-01
-1.571643093035658689e-02
5.540891548110355759e-03
-4.462569652646923568e-02
1.283810087535146582e-01
8.527182917120169903e-02
-2.076441955414022600e-02
-1.992844553314553674e-06
-1.972653296333428709e-03
1.872407515793199687e-04
-1.728830098850772656e-02
-4.301441196738267094e-06
7.219648570929006983e-07
1.981578073318056854e-01
-2.472872111578488380e-02
