2.580439448353049909e-03
4.844254741648831852e-02
6.991591283042709881e-02
1.129743992130669283e-01
4.073550891907441046e-02
1.169635249420229589e-01
2.019700098824749740e-02
1.842643224797150051e-02
9.169695971251619337e-02
2.048806382168536222e-01
2.152927143328180470e-01
8.876609458499677696e-02
2.037191808201021560e-04
4.804084510397822229e-03
3.306908427248304340e-03
4.378960353849277454e-02
8.453868999670023426e-05
1.354849844071200884e-04
1.178068110988782086e-01
1.015035302012756019e-01
