1.585290151921034951e-01
1.585290151921034951e-01
1.585290151921034951e-01
1.585290151921034951e-01
1.585290151921034951e-01
1.585290151921034951e-01
1.585290151921034951e-01
1.585290151921034951e-01
1.585290151921034951e-01
1.585290151921034951e-01
1.585290151921034951e-01
1.585290151921034951e-01
1.585290151921034674e-01
1.585290151921034951e-01
1.585290151921034951e-01
1.585290151921034951e-01
1.585290151921034951e-01
1.585290151921034951e-01
1.585290151921034951e-01
1.585290151921034951e-01
