1.045532815973246820e-04
4.199286462242701745e-02
2.940452132567485805e-02
1.559056063810722592e-01
1.442955075773680665e-02
1.620832597311430145e-01
7.966973398265141809e-03
4.014469969075248543e-03
3.881562502526573338e-02
1.745167431131931790e-01
8.026970417587842022e-02
3.767587122527362581e-02
7.488453593766468965e-07
4.448588798370854734e-04
2.086557190818146012e-04
3.497292667984988612e-02
1.235886443662323648e-07
3.158726064462959018e-07
4.724493858342272701e-02
4.233402856841302769e-02
