-1.429292129545119182e-03
1.348813626982548960e-02
5.235132419283382299e-03
5.881242841190328918e-02
2.178708546977923405e-02
6.169536434901642247e-02
3.519904438349423948e-03
-9.167301757735790008e-03
-4.943077423216900301e-02
1.110265833233200078e-01
1.010129077803941927e-01
-4.350516624252764863e-02
-1.496531240308034350e-05
2.477547948581151210e-03
-1.755749882841810099e-04
1.257916820578238240e-02
3.805904665444106890e-05
7.509659558016045335e-05
6.070504079756180310e-02
-4.736662721113029523e-02
