6.664202688663280194e-02
1.461246981501665432e-01
3.964754950738891282e-03
1.801658840582109344e-01
2.232792220797225752e-02
1.818919035874983214e-01
1.232445890277070327e-01
4.171820053992540689e-02
-7.301784847492665854e-03
2.143540120957270478e-01
-5.459369616958646004e-02
-5.870345519525403503e-03
8.573439273736649380e-02
1.018831228738916184e-01
9.841921316265929420e-02
1.429450293778835035e-01
7.884883619917798514e-02
7.813136288722830058e-02
-1.915984237482035862e-02
-1.193209398206300509e-02
