1.166705116905145806e-01
-3.223668651399595048e-02
2.301966722778424901e-01
5.094768548587265411e-02
2.111930487616157925e-01
4.677442907207979977e-02
2.068868468060987634e-02
1.173127464442238893e-01
2.297713082237031745e-01
-8.934457282855261251e-02
5.290504974301210583e-02
2.297672786950965829e-01
8.975821710024418920e-02
9.650039230465989881e-02
1.307190012446743932e-01
9.431098105774281259e-02
1.010805149424334887e-01
9.668089791387447784e-02
2.194847269978546234e-01
2.288644328062060251e-01
