1.183839802117353339e-02
2.517503443788383644e-01
2.740825556813003550e-01
2.558819109428577820e-01
2.323538365375759085e-01
2.520923416802110517e-01
1.160171944842658120e-01
9.910047537296651221e-02
2.712539767606420016e-01
1.340189366073447630e-01
1.179491310820904720e-01
2.725654879353704430e-01
8.192188415125366917e-06
1.518849638517937549e-02
2.241713131990601474e-02
2.410633202232335126e-01
4.633788323995725769e-04
8.171017065216812023e-04
2.512615855106660190e-01
2.653121775214694056e-01
