1.307261743353536378e-02
2.563446565482179196e-01
3.210453442572304694e-01
2.288799525820399694e-01
1.778387882826267807e-01
2.314865709439495878e-01
9.732900494296667371e-02
9.337344670398747826e-02
3.071349803295868597e-01
-4.265532456000962515e-03
6.377390182503632488e-02
3.117828938124100335e-01
1.036323228152223911e-03
2.418147267022217536e-02
1.727096010085099609e-02
2.307706097933753808e-01
4.293568117691486867e-04
6.880447035820511960e-04
2.590976406428340817e-01
2.903377112569343055e-01
