1.514646311854063487e-04
-6.621659086514936066e-03
2.874798268700878151e-02
-1.487268630962549146e-02
1.184983149537377316e-02
-1.520554787312410061e-02
-2.227488586660363208e-03
3.296621224145587521e-03
4.507114249946379131e-02
-1.535062557672880156e-02
1.890950641518730768e-01
4.270066844233584569e-02
-2.991190790572571078e-06
-3.064590809653317980e-04
-1.794539076133549874e-04
-5.888220992114179438e-03
8.353021787224556110e-07
1.702243418907023142e-06
6.847189502939136918e-02
5.338406824534637496e-02
