1.750841650775072367e-01
2.466922448868452689e-01
1.923931798572036111e-01
1.858921258006612787e-01
2.325193088775585615e-01
1.860353284275172436e-01
1.846026339950410655e-01
1.797754262519960511e-01
5.757574031381218482e-02
1.202375463072236084e-01
7.845144240727441876e-02
6.085023909728948244e-02
8.271852076150809641e-02
6.749855023536510679e-02
4.953586029919543332e-02
2.154586657551722517e-01
1.458163170698686395e-01
6.563983532363704132e-02
5.121358970886291662e-02
5.256946682053964537e-02
