1.429927315627749218e-01
9.394760322846497369e-02
1.581383500321549007e-01
6.863461017351932258e-02
1.560972677956158905e-01
6.737252646912259002e-02
1.104128992794593533e-01
1.518321801798063475e-01
1.585229731840556711e-01
4.492985820891904486e-02
1.548200740798817698e-01
1.585076955077751870e-01
1.337459524215256490e-01
1.244321779889447505e-01
1.265341507261901755e-01
9.629300576436966574e-02
1.373149542426542469e-01
1.376720224716781182e-01
1.583057340485124753e-01
1.585092817825891343e-01
