5.896073913663662375e-02
1.451978359031645975e-04
2.803244036098723746e-01
1.129984304636236225e-01
2.474707784652486475e-01
1.177755812944761560e-01
-5.027932595674584199e-02
1.738271179140776501e-01
2.765964866572255265e-01
1.421378018428853807e-01
9.021548605027969459e-02
2.781455873620040653e-01
-1.349220249375770661e-02
-4.891331006923482078e-02
-4.371486006371384098e-02
-9.306015643471004725e-03
9.499865209500501714e-03
1.212589755277137908e-02
2.519509571057708675e-01
2.694487307973445489e-01
