-2.512955902946770476e-06
1.059501571277454701e-02
6.366158687885691281e-01
-2.152767136419123255e-05
6.103490316321826814e-01
-2.994223770372507999e-05
5.262829971498594883e-02
8.922545493258925153e-02
3.169323395244546537e-01
-8.514217867802963367e-07
1.853189943242869907e-06
3.572780337446593846e-01
5.875054543851786329e-05
1.390023672908711691e-02
7.647659758781485788e-03
1.599081947286297781e-02
-6.177497970916310696e-06
-1.094564496755590098e-05
8.027363441629137286e-02
2.014688672546632309e-01
