-1.339253112649519024e-02
5.802689265349068176e-02
-6.971140635555109211e-02
8.861471568071357940e-02
-5.321112014928194162e-02
9.016563638147849502e-02
3.746789301781829756e-02
-3.578791980401374584e-02
-7.983499389472763219e-02
1.193345740566363056e-01
-1.223293011743539632e-01
-7.854876923274478617e-02
3.762978948588023825e-03
1.827347517115596176e-02
1.516096735442873031e-02
5.516979049628302489e-02
-2.424061226891794773e-03
-3.068749304209518209e-03
-9.049009169514868334e-02
-8.399557386841480233e-02
