2.938652074342146953e-03
5.267223460907101418e-02
7.442944503469765827e-02
1.153859904771490780e-01
4.463336668213903347e-02
1.190103141201064307e-01
2.259137011335552933e-02
2.064792140501523973e-02
9.557633617588259800e-02
1.923563696750842100e-01
2.002842250253399625e-01
9.278302176746829055e-02
2.325659393737534596e-04
5.458525197564496542e-03
3.763163771002417217e-03
4.783381627410061843e-02
9.652123900216535513e-05
1.546805844083065813e-04
1.197729395393274388e-01
1.048077692006039868e-01
