8.748308374622341607e-03
1.346082974075066552e-01
1.749550946429629383e-01
2.222222622768146860e-01
1.172957840304338084e-01
2.244146757342774245e-01
6.365860675414859726e-02
5.851579405328633660e-02
2.043417219754214142e-01
1.856343085825433448e-01
1.706648995374149269e-01
2.010491644452266358e-01
6.972757970894617307e-04
1.614130943694993409e-02
1.117842369782371878e-02
1.243377179384640152e-01
2.894910392522299491e-04
4.638550876813993013e-04
2.248319441935439089e-01
2.138885563334028683e-01
