6.411944566445529348e-02
1.903571560554740165e-03
4.487568878791975968e-01
1.221159501386605145e-01
4.475436805142551933e-01
7.686062374935356822e-02
-2.491444354796708283e-01
1.344570980594285148e-01
3.986361449385276701e-01
7.650885559101344713e-02
1.411557171885553796e-01
4.059113186684310537e-01
-2.558922706802816902e-02
-1.560144958336644461e-01
-1.166465213627753128e-01
-1.942289435977616885e-01
2.266395672754438484e-02
-1.012622612834384716e-03
3.298706627296474903e-01
3.716757340479568961e-01
