5.514662335364122620e-02
1.344428660536068710e-03
2.306873044332916900e-01
4.433518213475200307e-04
1.679566387447231357e-01
5.667259726281777786e-04
6.698028022328609415e-03
1.079620074898766241e-01
2.609740499802700731e-01
5.774178498216235231e-03
2.145226493954711655e-01
2.578308821640823423e-01
3.056559785225018352e-02
1.723551984095726686e-02
1.963608655540325168e-02
1.811229899335522857e-03
3.815261005760764434e-02
3.901993050507135408e-02
2.764127107856367838e-01
2.693692347526196462e-01
