1.545860535987557960e-01
-1.214526324868658580e-01
-2.923110418751978523e-01
-8.345260612005621359e-02
-2.121559747632909276e-01
-2.826482382398934345e-02
9.726274380779921513e-02
-5.831349981788397363e-02
-2.911627143346604552e-01
6.838521326920486698e-02
1.586356248663190749e-01
-2.940859541187927917e-01
2.454707706799821865e-01
2.345337765039924305e-01
2.442205427324376232e-01
-9.262791350144836122e-02
2.242845401957177798e-01
2.212581801444069018e-01
-2.259608403957674705e-01
-2.751086547901686608e-01
