1.152867842064129872e-01
8.839308036885690223e-02
1.547405066221288483e-01
8.620422381877514140e-02
1.451523996317260479e-01
8.615504148650407479e-02
9.207764639942393747e-02
1.319936735205027023e-01
1.579190321876920433e-01
8.572895563812790720e-02
1.396813105418341361e-01
1.576586762111022444e-01
1.048556336787525994e-01
9.814455958225076770e-02
9.942065306880137898e-02
8.876767895405536513e-02
1.083141738532464871e-01
1.086948711933320155e-01
1.582710591179421755e-01
1.584486682987930328e-01
