-1.301657918650182775e-05
-4.551466415953470991e-03
-9.446075582502258192e-03
-2.448241180625540178e-02
-3.222679961209062860e-03
-2.622394417362396146e-02
-7.950103412261110263e-04
-6.619317864268700656e-04
-1.618780638640863676e-02
-7.925941989173827806e-02
-8.736388342839331023e-02
-1.517716035533651399e-02
-8.116151672861396962e-08
-4.509884171474179122e-05
-2.137468968159473808e-05
-3.722079610191708458e-03
-1.397675024854872880e-08
-3.589828648005120470e-08
-2.659960144641619964e-02
-1.980206127010221070e-02
