-1.771249055009965767e-02
7.674432697365518585e-02
-9.219785376224043372e-02
1.171987057016582456e-01
-7.037515566715918380e-02
1.192498988627408441e-01
4.955371727285490246e-02
-4.733184379779054041e-02
-1.055869545175132096e-01
1.578277097371582061e-01
-1.617884304755823344e-01
-1.038858390259386200e-01
4.976783584637597263e-03
2.416785544341568115e-02
2.005136209572989936e-02
7.296562416667845552e-02
-3.205978105904186415e-03
-4.058619878351606147e-03
-1.196790120470248020e-01
-1.110895912312762634e-01
