6.093262560818990536e-06
-4.686255461071747730e-02
9.916681312831854278e-03
2.212886906364665007e-01
3.348105605357976078e-03
2.180145172835705747e-01
-2.376061492285252985e-03
6.015622155257638326e-04
1.653755914386434434e-02
2.529392523376363666e-01
6.879069887393518545e-02
1.557573861196537290e-02
-1.356639350857946624e-08
-4.547605727275860765e-05
-1.702815618223607608e-05
-3.062258407720341857e-02
1.379462877260095865e-09
4.445163407501562247e-09
2.591130095091043195e-02
1.989711649306447061e-02
