-2.644229228341619486e-04
-1.323762483125928615e-03
-1.979011821623094802e-01
-3.253929464216728101e-02
-3.779909313557695133e-02
-3.566910436778281124e-02
1.187957642254439637e-03
-7.706742742412659060e-03
6.613896379204903253e-01
-1.382779729235953103e-01
-1.605510329045560514e-01
1.393664437085566421e+00
4.094616464268081003e-06
3.187339195469475104e-04
1.997527861509620451e-04
-4.728507206049800118e-04
-1.256090040031998370e-06
-2.583641596030594233e-06
9.194046682791012781e-02
2.334387468043349623e-01
