2.416218985886693094e-01
1.223339309943139996e-01
2.793382197731596461e-01
9.716577938641099421e-02
3.050702654856457530e-01
9.405091310142904559e-02
1.371124548992967429e-01
2.921748505458319212e-01
2.407976315041519266e-01
-6.367060892123381499e-02
-1.115040912590275768e-01
2.467159645745345686e-01
1.973548706116447504e-01
1.656042244627792259e-01
1.717399704829075668e-01
1.237288648711916683e-01
2.128812307042636798e-01
2.145435201988662999e-01
1.802163614180795070e-01
2.195920352246201745e-01
