7.006650654892263019e-02
1.956926910487386817e-01
2.840495874715425195e-01
1.817484723921280187e-01
6.794275809382957498e-02
8.708319386717303101e-02
1.040127786504459195e-01
1.959561357588041897e-01
3.143414474744596898e-01
1.608176831522721562e-01
1.293147341509345294e-01
3.264710919069571116e-01
-1.643856888582390444e-02
-7.438729272648424151e-02
-7.700639442447664018e-02
-8.598411911601794300e-02
8.429646767602782175e-04
-9.627392167678196222e-04
3.062509800069821986e-01
-8.336243264846909806e-02
