1.028131646543464922e-01
1.138542617784121802e-01
2.658216466819990909e-01
1.836458896735156110e-01
2.141018305747100225e-01
1.869076387376728821e-01
8.537883921159022949e-02
1.563181662087836654e-01
2.848366947416527406e-01
1.686217250455356587e-01
1.196133735826322014e-01
2.832962085734837543e-01
8.209735979675605866e-02
7.683919448197785995e-02
7.709381846921611880e-02
1.087084630704541061e-01
8.764163200131773468e-02
8.834042802622006640e-02
2.846220306806733769e-01
2.876770694285248897e-01
