-2.701545916102595174e-06
2.516405102847221395e-03
-1.994628174927898928e-02
1.552040666739833673e-02
-3.959578336158365089e-03
1.658618049861539101e-02
3.269246624210858957e-04
-4.469608521225428726e-04
-5.012803720785317246e-02
3.486056545697642506e-02
2.546032174801011738e-01
-4.455952789099513339e-02
4.177499735860225502e-09
1.023610419395193839e-05
4.107469019623243893e-06
1.997925858458536250e-03
-4.839227654888057693e-10
-1.580748924367393996e-09
-1.427180707105776547e-01
-7.392738472211872469e-02
