-1.384480515566123050e-04
1.117289303078000152e-02
-1.930070859544233755e-02
3.934493988415244115e-02
-8.627044517992572825e-03
4.141764144771089423e-02
3.022494325882200267e-03
-2.634686389564821606e-03
-2.887932030731159630e-02
9.446896524746049850e-02
-1.015557982174652707e-01
-2.752003317619218167e-02
3.072352307296351321e-06
3.515579154383921458e-04
2.008285959449756955e-04
9.610152671827788123e-03
-8.213254284738145556e-07
-1.666345132426200574e-06
-4.186005895048616754e-02
-3.357569530641887900e-02
