1.180965550906841882e-01
1.759625552790310687e-01
6.789590592694835780e-02
1.980619436464980121e-01
8.291103924962303640e-02
1.991328377148387507e-01
1.601322519083154816e-01
9.851004410264466160e-02
5.858551106607252229e-02
2.183155852790303886e-01
1.893920886930306260e-02
5.977209284367462211e-02
1.326885881730448247e-01
1.447151996349757552e-01
1.421613261348581569e-01
1.738073816240199021e-01
1.274706161876555943e-01
1.269239454809449608e-01
4.871895296949212140e-02
5.474043915523499337e-02
