3.292168372832319223e-01
2.518038467058976160e-01
2.162550945091589183e-01
1.462955885996574112e-01
2.646706758212550303e-01
1.399028928164843810e-01
2.992396330934191662e-01
3.022388665661489560e-01
1.806466573116342067e-01
2.770980974090564430e-03
-1.299909330561221932e-02
1.854118934342083858e-01
3.332843529537045102e-01
3.254162914570668530e-01
3.279746607604525632e-01
2.595650502948975147e-01
3.334884636644884770e-01
3.334012103997483489e-01
1.385534154203252877e-01
1.647614747176570082e-01
