-2.261147401101166743e-01
3.656545443830528930e-01
1.954401298377290291e-02
3.790003054250699610e-01
-7.126230800218570118e-03
3.539392177349502955e-01
4.289939332864049076e-02
-7.241873413012421545e-02
2.999371074801684967e-02
1.045314528778594626e-01
4.457859697238023694e-02
2.877396463194420786e-02
-2.896501050232022090e-01
-2.031861229080336173e-01
-2.326006110316156672e-01
3.195987090255194563e-01
-2.836432637094951636e-01
-2.816785821913897481e-01
3.905193471103544228e-02
3.376344873827332588e-02
