-2.549738241576168796e-02
1.494237983606040154e-01
4.495419318945331755e-01
-1.999158022345940214e-02
2.581059955324824240e-01
-3.060527205966329795e-02
1.225848533489860004e-01
5.266684349940160825e-02
4.356402361202153517e-01
2.952601926067896509e-02
-2.742081052527488294e-02
4.456855043426572460e-01
1.222510178168983996e-02
6.577437063815369522e-02
5.425994198834827725e-02
1.483176224461445758e-01
-6.994462384621280039e-03
-8.714557969334311982e-03
2.701223097184933253e-01
3.868301931119438875e-01
