-2.757099029687976738e-02
5.989626366646827460e-02
-1.494886710016241904e-01
7.462651232247835553e-02
-1.256802751993724432e-01
7.486660293240893216e-02
4.534635348677164279e-02
-8.437064778766922846e-02
-1.536227275742267362e-01
6.050913224538306823e-02
-9.218137306331281033e-02
-1.535626670591738463e-01
6.528182102795312622e-03
2.696618740609939974e-02
2.316427420145134725e-02
5.802732041083916159e-02
-4.492150738284905742e-03
-5.724815749035442464e-03
-1.490850927933233261e-01
-1.529039296177647778e-01
