9.936723146380777028e-02
6.236147388599573571e-02
2.514572822984079692e-01
3.489958245441257545e-02
2.088455793077672318e-01
3.328733224998674245e-02
6.790242403665568138e-02
1.489816711064216592e-01
2.597174208248808069e-01
7.762714585454836072e-03
9.717979376352292586e-02
2.596035112632842368e-01
8.215361868803709722e-02
7.124718676584475274e-02
7.297020282699613614e-02
6.386472580922900044e-02
8.793138517934993847e-02
8.854074125143972240e-02
2.493527051019926721e-01
2.581002370737466300e-01
