4.149318534770431860e-02
-7.431031009167185508e-02
-1.710382423230335514e-01
-1.700371498128510446e-03
1.004638431470587095e-03
1.316756350677018329e-02
3.710970862885517446e-02
1.117104819401556481e-01
-2.533429741386543643e-01
1.470815289894615019e-01
-1.852779370515527518e-02
-2.446803248070110182e-01
3.565153710012940527e-03
4.848863006778265927e-02
3.897895432669508387e-02
-6.077843865443373350e-02
1.581071891443470989e-03
2.534166600667350517e-03
-2.997273674165861213e-01
-2.771417601006578302e-01
