1.260644395247407790e-01
1.260644395247407790e-01
1.260644395247407790e-01
1.260644395247407790e-01
1.260644395247407790e-01
1.260644395247407790e-01
1.260644395247407790e-01
1.260644395247407790e-01
1.260644395247407790e-01
1.260644395247407790e-01
1.260644395247407790e-01
1.260644395247407790e-01
1.260644395247407790e-01
1.260644395247407790e-01
1.260644395247407790e-01
1.260644395247407790e-01
1.260644395247407790e-01
1.260644395247407790e-01
1.260644395247407790e-01
1.260644395247407790e-01
