3.527820029356950986e-03
4.031405640631586795e-01
9.219960051800442369e-02
3.657544460709473699e-01
9.653758453332729472e-02
3.570432329283713124e-01
1.159474130040393097e-01
3.072568247392296059e-02
7.855254671906919395e-02
1.895145168351530796e-01
2.205569889324436941e-02
8.045328012413334451e-02
-1.292381953824884308e-03
1.782083779009068685e-03
2.470820304956092631e-02
3.819912041882276843e-01
3.041005177581738647e-04
6.095395464950306317e-04
6.234958417045606549e-02
7.226316962574522162e-02
