6.547660252349349168e-03
1.087114815108483068e-01
1.475183393077060812e-01
2.088177021773058861e-01
9.339938450896734246e-02
2.134230224515872298e-01
4.895366389820865471e-02
4.487163635144309631e-02
1.812183103477073842e-01
2.729817789733984257e-01
2.751928334123847075e-01
1.770089694243138501e-01
5.200600418337439660e-04
1.212081013666901214e-02
8.375455763448690083e-03
9.955555851103604914e-02
2.158780948841068333e-04
3.459298361430759752e-04
2.143739523244293788e-01
1.945799604019560203e-01
