-3.572159704740932593e-04
-4.016153584028225171e-02
1.566177077723361344e-01
7.222883788591943910e-02
1.564644082688669557e-01
7.803527010068965486e-02
4.299545163061845032e-02
5.944713747115627084e-02
1.126274981030799677e-01
1.094696653128499758e-02
-6.392674847911160654e-03
1.176226744290725934e-01
1.735360765139005892e-04
1.523632240975679453e-02
3.526959829633970547e-03
-1.232659915404247034e-02
-4.192213175844716636e-05
-8.324833535044813483e-05
8.021406400811302573e-02
9.815218168560646550e-02
