4.497000630412614081e-02
1.349103051260273078e-01
2.922444578350443800e-01
1.885880313266033170e-01
2.499479511967583889e-01
1.860329753226641070e-01
4.660970883021268996e-02
1.632187308933286674e-01
2.886392961481608621e-01
4.924400594518203549e-03
-7.415122264429699350e-02
2.905442646011868746e-01
-6.959224736033239531e-03
-7.840485432973044039e-03
-1.110089734102060258e-02
1.230923162033904505e-01
5.894538578473148237e-03
7.642352041351342315e-03
2.550598146162333379e-01
2.793944113658041739e-01
