9.525584156367556191e-03
7.316901827527894087e-02
2.133337371956114115e-01
5.289047141884919978e-02
1.459680580625579982e-01
4.896086719319530517e-02
4.544533753191545150e-02
7.042018258397834962e-02
2.363288015719602619e-01
-9.359361181866839019e-02
-8.748393807767390618e-02
2.346550918690686605e-01
6.786232175924428135e-04
1.396302429514568663e-02
9.935542621512735706e-03
7.062202081713199464e-02
2.943742751614260582e-04
4.737364009388572478e-04
2.314713798190559668e-01
2.386777452677808775e-01
