3.091414890827716144e-01
1.577734810682914768e-01
2.416217213116998719e-01
9.760323846336060871e-02
2.893962546454570961e-01
9.450057589685684212e-02
2.079764876571609522e-01
3.131127365287142417e-01
1.992866060163969444e-01
-3.636774226674648752e-02
-7.105994162003080594e-02
2.052190888520977752e-01
2.853536787157563426e-01
2.552654329874761152e-01
2.622994234258907986e-01
1.643309506849511548e-01
2.956547378666896098e-01
2.966239554733355321e-01
1.441017647097857513e-01
1.790067649399405547e-01
