-1.108731923609012179e-06
2.609352273123672229e-03
-2.360454650921710307e-03
2.470485657064995511e-02
-7.541413277990912040e-04
2.710607690460501915e-02
2.641151690433082020e-04
-1.245206414168268045e-04
-3.987788542546296874e-03
1.220254997635146776e-01
-1.059572723385772061e-02
-3.754153061522398811e-03
2.200660348012622722e-09
6.527574866612889398e-06
2.517091516364932435e-06
1.999885177557508917e-03
-2.337991943868268224e-10
-7.567007574074502730e-10
-6.163286490947313644e-03
-4.791318169047655354e-03
