1.584899494636791140e-01
1.449177336175976327e-01
1.305251647692724504e-01
8.815187746916075540e-02
1.488718836226367026e-01
8.342786518658840134e-02
1.561404863510660324e-01
1.565402459968753268e-01
1.111763456743752876e-01
-4.273841519077514750e-02
-5.916167066293498422e-02
1.140409046268355819e-01
1.585287716991068407e-01
1.583936225721184199e-01
1.584648582231581448e-01
1.473835907071017193e-01
1.585289732612470415e-01
1.585289074947545673e-01
8.241388245807590440e-02
1.010371556714936281e-01
