1.800428059730747876e-02
1.609545998216647400e-01
2.930269715537712760e-01
1.458461066401028350e-01
2.109161879073649382e-01
1.401270217072707047e-01
9.766734937154893104e-02
1.159483883261492737e-01
6.905517824114805192e-01
-7.516460112726511267e-02
-1.208005411105779747e-01
4.883175972206847959e-01
1.374303948856933676e-03
2.930153906143844605e-02
2.072363418488306144e-02
1.545916457792529952e-01
5.835831046578244391e-04
9.368649834332944690e-04
1.059274775711690625e-01
-9.089451309724402850e-02
