1.995035840186081769e-03
-3.540707359743926197e-02
7.235743317886914050e-02
1.941941512230253575e-01
3.674666445425963518e-02
1.828918060227142373e-01
7.339160388584825730e-03
1.542399662587932985e-02
1.155540233576382997e-01
1.088203016585678057e-01
7.728649903673248667e-02
1.079399588644692071e-01
1.442742340424477837e-04
2.967539337222294300e-03
2.121476470255859604e-03
-1.823738180543631182e-02
6.213976648861294571e-05
9.993031832484125889e-05
3.076199728458874905e-01
1.496739409593005887e-01
