6.188479088273246553e-04
-9.203907617388157325e-02
-2.685642769716075628e-01
-1.456737460691298613e-01
-1.159126456734176913e-01
-8.021936868557932865e-02
1.015308023739697196e-02
-2.626985186587710297e-02
-3.739725030204232858e-01
1.075110571575009777e-01
-4.473277486638882472e-02
-3.612237683674011102e-01
2.005122600778341813e-04
5.378920681289284245e-03
3.738140075313547972e-03
-6.999188710890291709e-02
6.637512008674309461e-05
1.029281405041312936e-04
-4.560334829957262137e-01
-4.120417578639385403e-01
