2.011947411243626416e-01
1.568070668187304673e-02
3.170938664610343238e-01
1.045781784379640200e-03
3.015477592682820340e-01
1.624097627254239562e-03
5.229888007055083499e-02
2.657222704825451531e-01
3.156697755345411194e-01
3.526367469512758923e-02
2.079982335463075316e-01
3.163531196583601046e-01
1.465643355707645368e-01
1.022439221628073103e-01
1.114054328406484107e-01
1.955104265062601598e-02
1.662772546153840070e-01
1.683404573400217874e-01
3.041424245545091276e-01
3.124247722255153459e-01
