-7.699736184480054924e-02
1.726046913481808498e-01
4.042721210476667984e-04
3.061727068547304142e-01
-1.347039004069473245e-01
2.787717968173586414e-01
1.063584899138450557e-01
-1.201644817799160658e-01
4.746740279746400359e-04
3.396979258154603776e-01
-2.732924767818870407e-02
7.949051034241870137e-04
-1.712045369507319281e-01
-1.079219531592456871e-03
-4.772434810518669940e-02
8.539338171406671285e-02
-1.650728088207960298e-01
-1.830923329334295802e-01
-2.325881706521270437e-02
-3.094003399431530504e-03
