-6.400179071841886587e-04
3.405781280635866021e-02
-8.117192527472179286e-02
8.748575254072345209e-02
-3.946061659687377654e-02
9.040535606069022290e-02
1.092496612805079169e-02
-1.242981251537898096e-02
-1.107689406357435374e-01
1.288936287233163613e-01
-5.047882236538764333e-02
-1.070439776092358131e-01
1.346703159444419850e-05
1.438373694123051523e-03
8.354347315653973694e-04
3.005824431811080985e-02
-3.682965684167921917e-06
-7.488196572844814142e-06
-1.380138961581412749e-01
-1.223886905050538820e-01
