8.735349248193963537e-03
1.304251283775740289e-01
1.665999162572626979e-01
2.022062340827267546e-01
1.142932698861983259e-01
2.031333096301554120e-01
6.289081324790839200e-02
5.787455555322522371e-02
1.905779468454653902e-01
1.313383818769689459e-01
1.120525170838008594e-01
1.880754485372735374e-01
6.971946638888029202e-04
1.609658076394271733e-02
1.115716986744923374e-02
1.208885533417582425e-01
2.894770645256491536e-04
4.638191977246509685e-04
2.032796146027654183e-01
1.973519525081184334e-01
