2.212820324182187756e-02
1.815335607079724412e-01
-4.483573006496762714e-01
3.556558545316557129e-01
-2.076198765697664095e-01
1.818545544707047545e-01
-4.845653581986801572e-02
-3.336597414268237249e-02
-4.036882844592843411e-01
3.961080288853475184e-01
-3.924512683697523041e-02
-4.349626090731075756e-01
-9.921633451554553312e-03
-4.934147704728225614e-02
-4.177169285297480800e-02
1.260191621573881759e-01
5.782310437973226837e-03
7.218493771102250066e-03
2.455949721811163111e-01
-2.187501237035693602e-01
