3.854048174273574934e-02
1.178885784680327592e-01
2.282977295515423444e-01
2.357845602304033950e-01
1.939999616852508824e-01
2.373512044288972611e-01
2.567712262083374913e-02
1.290873643499890200e-01
2.299978730040883046e-01
1.275166567909070681e-01
7.067262390851643261e-02
2.306907250888708127e-01
-7.023084001774300075e-03
-1.468696925261798840e-02
-1.579626000103298220e-02
1.034920143733569636e-01
5.499962018499490735e-03
7.084505041123141840e-03
2.138388284531200223e-01
2.259002687731206105e-01
