3.048929515612140706e-02
3.048929515612140706e-02
3.048929515612140706e-02
3.048929515612140706e-02
3.048929515612140706e-02
3.048929515612140706e-02
3.048929515612140706e-02
3.048929515612140706e-02
3.048929515612140706e-02
3.048929515612140706e-02
3.048929515612140706e-02
3.048929515612140706e-02
3.048929515612140706e-02
3.048929515612140706e-02
3.048929515612140706e-02
3.048929515612140706e-02
3.048929515612140706e-02
3.048929515612140706e-02
3.048929515612140706e-02
3.048929515612140706e-02
