9.668259608373031000e-03
8.788773375756896156e-02
3.055383834008856825e-01
7.061485012249442417e-02
1.821201949459841096e-01
6.688514336469733590e-02
5.010469428831248323e-02
7.814700094372752093e-02
3.713101832813426872e-01
1.028290330294483190e-02
6.468017074305165703e-02
3.642737883968392154e-01
6.794081204386701565e-04
1.433262623535919676e-02
1.011802102851220089e-02
8.396034233464425012e-02
2.945168243249797328e-04
4.741043647670969388e-04
4.035898273707330675e-01
3.901105003989727704e-01
