1.649820289354590177e-03
2.585350506478915206e-02
3.389463291306888532e-02
4.381336094578502233e-02
2.245888353246268399e-02
4.431811860473792997e-02
1.208936799423391759e-02
1.110487962469808819e-02
3.993921298491690669e-02
3.802841409147644097e-02
3.511655282099804265e-02
3.924882309788856050e-02
1.313739211584636388e-04
3.046725406863653573e-03
2.108715019648638774e-03
2.383636239124782216e-02
5.454051658577243239e-05
8.739270619471432530e-05
4.441590488854818553e-02
4.197273005126963413e-02
