7.032373503313509300e-01
3.511583556533133810e-01
-2.353796418644091004e-01
3.223759787805498545e-01
-1.934317623567202715e-01
5.254701920284594596e-01
-1.835988094316457486e-01
5.675370755846106396e-01
-1.896770161470066884e-01
3.080553302868995202e-01
3.848736359631031445e-01
-1.541012565240105214e-01
9.115051777399540978e-02
4.384436686399654781e-01
5.116621939618277992e-02
2.180727099403838021e-01
-3.630049232199668019e-01
-3.214677766275547688e-01
1.480894841046535571e-01
-1.319909035535683783e-01
