1.294000933086518185e-05
4.064399360204737355e-03
8.008479824596011903e-03
1.863726319848040339e-02
2.931140626020532769e-03
1.975968650764104231e-02
7.588457596028235289e-04
6.344271815547988802e-04
1.300467049055471259e-02
4.704597561177971399e-02
5.031888124087294245e-02
1.228232161964843208e-02
8.112376328593786806e-08
4.460568878016731871e-05
2.121363509171372096e-05
3.360874761643851960e-03
1.397405206391828407e-08
3.588718042883716417e-08
1.999929783421349611e-02
1.552074609660197835e-02
