1.239126996894252264e-01
-1.131402973779056624e-02
2.473643861117142961e-01
8.643904196091178882e-03
2.267457711736597936e-01
1.069904987675048685e-02
3.945256979162805808e-03
1.875458940465371260e-01
2.494175603775327654e-01
5.253541959037118236e-02
1.611729279874835330e-01
2.496519015046073375e-01
7.485343179805512004e-02
3.863240111326688569e-02
4.580035453546141971e-02
-1.066006976892810293e-02
9.205200617262489227e-02
9.388596656313444311e-02
2.416941861080572351e-01
2.476376776035400795e-01
