4.305578528837431668e-02
-4.537719809059346382e-02
2.809852941609284338e-01
1.932664104008469108e-02
2.100792676759875854e-01
2.364661631183456042e-02
-5.736788719699465605e-02
1.329159498444338894e-01
3.203120135904612420e-01
1.102584752784467742e-01
4.141997955050692459e-01
3.155659423669708308e-01
-1.019724715770478109e-02
-4.062227002369807327e-02
-3.533997918630948226e-02
-4.879020202126375938e-02
7.035309447920717885e-03
8.965989888897796245e-03
3.561786933941173405e-01
3.350847192086408577e-01
