-9.240523306320182190e-06
-3.089487747641303170e-03
-6.277537120128766010e-03
-1.558780352467256484e-02
-2.204145179144655943e-03
-1.663005121095951014e-02
-5.547843663114400631e-04
-4.627163680417156538e-04
-1.052788750415333506e-02
-4.597303848969019197e-02
-5.013381170589861768e-02
-9.899422203898227898e-03
-5.775000706995020082e-08
-3.194676406060602595e-05
-1.516327687079419874e-05
-2.538087552403311964e-03
-9.946226153987391370e-09
-2.554490953909974300e-08
-1.685402571465744251e-02
-1.275321996725142099e-02
