1.585290151921034951e-01
1.585290151921034396e-01
1.585290151921034951e-01
1.585290151921034951e-01
1.585290151921034951e-01
1.585290151921036061e-01
1.585290151921035506e-01
1.585290151921034951e-01
1.585290151921034951e-01
1.585290151921034951e-01
1.585290151921034951e-01
1.585290151921034951e-01
1.585290151921034674e-01
1.585290151921034119e-01
1.585290151921034396e-01
1.585290151921034951e-01
1.585290151921034674e-01
1.585290151921034674e-01
1.585290151921034951e-01
1.585290151921034951e-01
