3.794364940402270535e-04
-2.517410202566191524e-01
3.099196500250883321e-02
2.993554259206396284e-01
1.635478175597486830e-02
2.884871260852857611e-01
-2.170266614464995414e-02
5.807951269523352854e-03
4.075549748125802813e-02
2.412690995458636189e-01
9.511023061368946430e-02
3.953732956288814882e-02
-1.051969755081540225e-05
-1.548343065551215049e-03
-8.327163453876365150e-04
-1.662186931421253400e-01
2.575350399213304609e-06
5.180138860482292622e-06
5.013913416964023428e-02
4.458853432842815184e-02
