9.131341573125500988e-02
9.180258844647200267e-02
7.817990133699447008e-02
1.343426673295219642e-01
1.401538888815692108e-01
1.362876760169871582e-01
1.232006834489563496e-01
7.973238118344769254e-02
7.689893149126549032e-02
1.380821666363648559e-01
1.363747651271976224e-01
7.685450600919330189e-02
8.202074726737555721e-02
1.398047883885188691e-01
1.199122568261756366e-01
8.663149007235441956e-02
8.354213437631051453e-02
1.212994646534278770e-01
7.681078700464429032e-02
7.652167515362962025e-02
