8.326739199152644044e-02
4.144097467844413962e-02
2.223390189581112703e-02
-1.556538046448828830e-02
4.839295211868307328e-02
-1.901936873685021109e-02
6.707063944429055014e-02
6.869113220544337262e-02
2.994581169627683493e-03
-9.311205691340204704e-02
-1.016326644104373067e-01
5.569249234660665973e-03
8.546508008743756990e-02
8.121394831809192194e-02
8.259624115197349015e-02
4.563437087389286828e-02
8.557536157512653230e-02
8.552821843499291976e-02
-1.974849448571190311e-02
-5.588219615034634505e-03
