9.070257317431829058e-02
9.070257317431829058e-02
9.070257317431829058e-02
9.070257317431829058e-02
9.070257317431829058e-02
9.070257317431829058e-02
9.070257317431829058e-02
9.070257317431829058e-02
9.070257317431829058e-02
9.070257317431829058e-02
9.070257317431829058e-02
9.070257317431829058e-02
9.070257317431829058e-02
9.070257317431829058e-02
9.070257317431829058e-02
9.070257317431829058e-02
9.070257317431829058e-02
9.070257317431829058e-02
9.070257317431829058e-02
9.070257317431829058e-02
