9.454096300813598364e-03
9.287002152946211009e-02
2.404617431467069855e-01
1.341948079892552048e-01
1.550243199320137655e-01
1.352076593397031345e-01
5.025249868577939816e-02
7.145038951829979501e-02
2.778169375310236555e-01
1.125287573096934030e-01
7.032892284428379770e-02
2.742966511302600829e-01
6.818553913201223391e-04
1.443908345793591674e-02
1.019666385180612381e-02
8.733684522480021639e-02
2.936505962491929860e-04
4.723003288955200185e-04
2.875401597399711573e-01
2.860436742647330388e-01
