-1.621626150581914269e-02
1.472799209794795894e-01
-2.218368543584320340e-02
2.345646706767890444e-01
-2.671224059935218761e-02
2.382521244229313939e-01
8.477968209548825129e-02
-2.759394416198461195e-02
-1.902424498342937878e-02
2.859325176502388599e-01
-8.849510474081898406e-03
-1.941622748375172736e-02
5.966626275968491162e-03
3.468998420645637293e-02
2.778945371255227975e-02
1.384075243214704376e-01
-3.513057318215203739e-03
-4.403827098552822936e-03
-1.601799849521426400e-02
-1.779406421989535719e-02
