1.384480519989045311e-04
-1.117312550246840619e-02
1.930190710450652158e-02
-3.935509811588089324e-02
8.627151534164712032e-03
-4.142949204674806207e-02
-3.022498927886474451e-03
2.634689437718717997e-03
2.888333611305515802e-02
-9.461004546846707441e-02
1.017311807234797527e-01
2.752350808699932649e-02
-3.072352307301184915e-06
-3.515579226800735757e-04
-2.008285972949497289e-04
-9.610300602305887896e-03
8.213254284739068822e-07
1.666345132426971798e-06
4.187229358297517301e-02
3.358200697524416078e-02
