4.400224399807704627e-03
7.661375300155752466e-02
1.069428263996564654e-01
1.621267660263741583e-01
6.521973695804893223e-02
1.668960326985234888e-01
3.343596637695594315e-02
3.059448199723584227e-02
1.357367226622041012e-01
2.597589171189711443e-01
2.694035223323240635e-01
1.319707896023415705e-01
3.488002399723032264e-04
8.161089542377803971e-03
5.632039005410353731e-03
6.976835525150923423e-02
1.447734744416600357e-04
2.319993458257684524e-04
1.678972940905465727e-01
1.481032156556124080e-01
