4.459499450311679020e-02
2.502125326304371344e-01
-1.861296176327180201e-04
2.314327316931539813e-01
-1.030335105668821714e-02
2.286499735018959756e-01
1.633474457472471053e-01
-5.982480521830282894e-02
-4.223722011561033989e-04
1.744672824406399980e-01
2.668086581514756556e-03
-2.884441092472701980e-04
-1.411421415957568037e-01
-1.713112366692840227e-01
-2.020609861865708123e-01
2.457799229450104150e-01
1.666082709935862993e-01
9.060494859759841979e-02
-1.720212897552419367e-03
-9.341258978916981183e-04
