8.748537982617404785e-03
1.360572665507664980e-01
1.792155664955800976e-01
2.394112032432060277e-01
1.181642540397187385e-01
2.434104114395062579e-01
6.376672380270188845e-02
5.859804657555775509e-02
2.137385841418913413e-01
2.787496831540325903e-01
2.775315531989644424e-01
2.095994593174018150e-01
6.972759103458376880e-04
1.614278767735268655e-02
1.117890658776738572e-02
1.254131396702152790e-01
2.894910473466665826e-04
4.638551209987797855e-04
2.442244735854959270e-01
2.265049658786076892e-01
