3.290231802284159911e-03
3.446191882921422756e-01
-4.209873474453521697e-02
3.104388631046580693e-01
-2.986159981177839706e-02
3.056436420401452692e-01
1.087745696345064628e-01
1.124540270693789729e-01
-2.946598696255719324e-02
2.143287760930936425e-01
7.673464171025935233e-03
-3.130949945428173481e-02
-2.677246443597629076e-05
-3.251056992163504997e-03
-3.700627491482314652e-02
3.330651576077133802e-01
-2.918356190008309422e-03
-2.012527264279049752e-02
-1.429774623105020508e-02
-2.340734092905116109e-02
