1.263825916499138231e-02
1.721208988592475703e-02
3.005203514423301359e-01
1.045098934684409869e-01
2.236742575271128686e-01
1.184982581465798407e-01
3.046108608086583319e-02
6.948771172017653881e-03
2.661176438552995682e-01
7.007261493674193931e-02
1.020030229101994979e-01
2.717857163107574858e-01
6.958629013748143799e-02
1.852384096125006541e-01
6.550056480431653075e-03
1.335535368507991330e-02
2.667649497627574973e-01
9.454857234318399251e-02
2.155955920917519142e-01
2.467179828215297910e-01
