1.407853351309645007e-01
1.115704267305829694e-01
1.483619178011645612e-01
1.585239373097627469e-01
1.521338931732150179e-01
1.585067031660630787e-01
1.169763345614348443e-01
1.485099314554920169e-01
1.435805771573244460e-01
7.337455476844531588e-02
1.031142891521336785e-01
1.442924658215364586e-01
1.310911486348041721e-01
1.218865778721413134e-01
1.237972321940591647e-01
1.110933408884181572e-01
1.348341540236851765e-01
1.352088925108350659e-01
1.364991121313811895e-01
1.410675602130290751e-01
