   3.2605192e-15
   2.5212743e+00
   2.7544042e+00
   4.9402916e+00
   2.9401841e+00
  -2.2642495e-15
   4.2320538e-01
  -2.2625463e+00
   6.2769730e-01
   2.5663598e+00
  -2.0369501e-15
   2.1485961e+00
  -4.3206688e+00
  -4.8503882e-01
  -1.5370255e+00
  -5.7001553e-16
  -1.2171669e+00
   3.1204830e+00
   1.8652197e+00
   1.3442837e+00
  -6.1817721e-16
  -8.6457686e-01
  -1.5818885e+00
  -1.0880448e+00
   6.7850406e-01
   1.8369702e-17
  -4.5233602e-01
   7.2011146e-01
  -3.6594753e-01
  -1.1308401e-01
   0.0000000e+00
   9.6064097e-02
  -2.8134534e-01
   8.5595086e-02
   3.8425638e-01
   1.8369702e-17
  -5.7638459e-01
  -1.3841524e+00
  -2.2825356e-01
   1.0177561e+00
  -6.1817721e-16
  -6.6876677e-01
   1.8652197e+00
   2.5705688e+00
   2.4686981e-01
  -8.1512982e-16
  -2.8213692e-01
  -3.3615130e+00
  -2.7978295e+00
  -3.3503759e-01
   1.8848784e-15
   2.0173460e+00
   5.2808174e+00
   6.5622900e-01
   4.2320538e-01
  -1.5833765e-15
  -3.8571291e+00
   4.9402916e+00
   3.9388348e+00
   3.2794361e+00
   2.2800621e-15
