  -6.6130927e-16
  -5.1137317e-01
  -7.9888747e-01
  -7.7035578e-01
  -4.5847250e-01
   4.5924255e-16
   4.2320538e-01
   3.5750043e+00
  -2.1641748e+00
   3.7030471e-01
  -2.9391523e-16
  -3.3503759e-01
  -5.1357052e-01
  -4.8503882e-01
  -2.8213692e-01
   9.0067017e-16
   2.4686981e-01
   3.7091204e-01
   3.4238035e-01
  -1.2439240e+00
  -5.0923753e-16
  -1.5870202e-01
  -2.2825356e-01
  -1.9972187e-01
  -1.0580135e-01
   1.8369702e-17
   7.0534230e-02
   8.5595086e-02
  -2.8134534e-01
   1.7633558e-02
   0.0000000e+00
  -6.0796981e-02
   5.7063391e-02
   8.5595086e-02
   7.0534230e-02
   1.5454430e-16
   3.6478189e-01
  -1.9972187e-01
  -2.2825356e-01
  -1.3351601e+00
  -7.3478808e-17
   1.9396913e-01
   3.4238035e-01
   3.7091204e-01
   2.4686981e-01
   1.6532732e-16
   1.3910479e+00
  -4.8503882e-01
  -5.1357052e-01
  -3.3503759e-01
  -2.9391523e-16
   3.7030471e-01
   6.2769730e-01
   6.5622900e-01
   4.2320538e-01
   4.5924255e-16
  -4.5847250e-01
  -7.7035578e-01
  -7.9888747e-01
  -2.7858588e+00
  -6.6130927e-16
