   3.2605192e-15
   1.7631124e+00
   5.1232653e+00
   2.6560327e+00
   1.5807215e+00
   3.8636076e-15
   2.9329826e+00
   4.5479295e+00
  -2.1641748e+00
   3.1153735e+00
   1.0133609e-15
  -3.3503759e-01
   3.2935277e+00
  -2.6423945e+00
   1.3910479e+00
   9.0067017e-16
  -1.5831761e+00
  -2.3786589e+00
   2.3728328e+00
   1.3442837e+00
  -6.1817721e-16
  -1.5870202e-01
  -2.2825356e-01
   6.8860106e-01
   5.2164298e-01
   1.0007446e-16
   7.0534230e-02
   5.9320818e-01
  -2.8134534e-01
  -6.0796981e-02
   0.0000000e+00
  -1.1308401e-01
  -1.9674316e-01
   7.2011146e-01
  -2.4318792e-01
   1.0007446e-16
   6.7850406e-01
   6.8860106e-01
   7.8697262e-01
  -8.6457686e-01
   2.5334023e-16
   1.0567050e+00
  -1.6880721e+00
   3.1204830e+00
  -1.5831761e+00
   1.3908987e-15
   1.3910479e+00
   1.6723168e+00
  -2.7978295e+00
  -2.3219445e+00
   1.4491196e-15
   2.5663598e+00
   3.4195694e+00
   3.5750043e+00
   4.2320538e-01
  -1.5833765e-15
   2.9401841e+00
  -6.4810032e+00
  -6.7210403e+00
   1.7631124e+00
   2.2800621e-15
