   1.7597349e-02
  -5.9204729e-06
  -8.8990372e-05
  -1.4905498e-02
  -1.2259824e-03
   1.3027181e-10
  -5.1758756e-03
  -8.6571287e-03
  -1.3238205e-02
  -9.3395011e-02
  -2.5464308e-02
  -2.1386478e-01
  -4.0707034e-02
  -3.9407035e-01
  -5.7285499e-02
  -6.5600962e-02
  -3.9234849e-01
  -8.1667405e-02
  -8.9272771e-02
   4.6228876e-01
  -8.5119802e-01
  -1.0938373e-01
  -1.1457758e-01
  -1.1844620e-01
  -1.2044608e-01
  -1.1989659e-01
  -7.9039774e-01
  -1.0787915e-01
  -5.0606365e-01
  -7.5386818e-02
   2.3001454e-01
  -1.6090804e-02
   2.4840960e-02
   4.0929997e-01
  -6.5057319e-01
   1.9153634e-01
  -9.0333919e-01
   3.3090836e-01
   4.0470950e-01
  -1.6598127e+00
   5.5065358e-01
   6.1850244e-01
   6.8012488e-01
  -4.7222297e+00
   7.7731323e-01
   8.0994781e-01
   8.3062824e-01
   8.3890895e-01
   8.3478826e-01
   8.1868714e-01
   7.9140363e-01
   7.5404651e-01
   7.0795364e-01
   6.5460099e-01
   5.0276163e+00
   2.9085315e+00
   4.6588939e-01
   3.9788064e-01
   1.8021404e+00
   2.6012770e-01
   1.9150489e-01
  -4.3493712e-01
   5.5851830e-02
  -1.1260903e-02
  -7.8101928e-02
   7.0055747e-01
   7.1989653e-01
   1.7663901e+00
  -3.4452422e-01
  -4.1012347e-01
  -3.9727919e+00
   1.8392676e+00
  -5.9472799e-01
   4.1422828e+00
  -6.9671372e-01
  -4.0086699e+00
  -5.3228024e+00
  -7.9287462e-01
  -6.7577682e+00
  -6.7699754e+00
  -4.3321595e+00
  -7.7588224e-01
   4.7539111e+00
  -7.0221054e-01
  -6.5152584e-01
  -5.9338286e-01
  -5.2939682e-01
  -4.6132470e-01
  -2.1205513e+00
   1.0944570e+00
  -2.5061244e-01
   1.1612360e+00
  -1.2111347e-01
  -6.3538620e-02
  -1.1842601e-02
   3.3532516e-02
  -3.7070201e-01
   1.0502012e-01
   1.3163324e-01
  -9.9777303e-01
   1.6934145e-01
   1.5479533e+00
   1.9131999e-01
   1.0900130e+00
   2.0365770e-01
   2.0780885e-01
   2.1121026e-01
  -1.0691958e+00
   2.1661176e-01
   2.1864755e-01
  -7.6810317e-01
   1.2106776e+00
  -1.4263910e+00
   1.1927764e+00
   2.1273135e-01
   2.0593034e-01
   1.9657423e-01
   1.8453456e-01
   1.6980344e-01
   1.5250127e-01
   1.3287538e-01
  -5.6223448e-01
  -5.8328802e-01
  -4.2915091e-01
  -2.7266392e-01
  -6.3286600e-02
  -7.7170392e-03
  -2.9661562e-02
  -4.0085552e-01
  -5.5074142e-01
   5.1352512e-01
  -9.5356225e-02
  -1.0510195e-01
   3.7705154e-01
   7.2957352e-01
  -1.1854586e-01
   3.9913442e-01
  -7.9548493e-01
  -7.7360469e-01
  -1.0939094e-01
  -1.0450704e-01
   6.1868006e-01
  -9.3759168e-02
  -8.8311780e-02
  -8.2987134e-02
  -7.7833318e-02
  -3.8735223e-01
  -3.6067871e-01
  -6.3044368e-02
  -4.7050893e-01
  -5.2728449e-02
  -3.1250427e-01
  -4.0850828e-02
  -3.4064682e-02
  -2.6639458e-02
  -1.8573500e-02
   3.5342315e-02
  -7.4768972e-04
  -3.9751341e-02
   1.8516206e-02
   2.8245969e-02
   3.7758990e-02
   3.3810395e-01
   5.5253095e-02
   6.2817594e-02
   6.0106152e-01
   7.4717932e-02
  -2.8119099e-01
  -2.9073028e-01
  -2.9564669e-01
   8.3120847e-02
   5.8179476e-01
   7.9735972e-02
   7.6473378e-02
  -3.7030039e-01
  -2.4241454e-01
   6.2256078e-02
  -2.9258040e-01
   2.8592444e-01
   4.4844867e-02
   3.9009189e-02
   3.3337701e-02
   2.7903496e-02
   2.2756139e-02
   1.7923347e-02
   1.3413755e-02
  -5.8989831e-02
   5.3253153e-03
  -2.8517556e-02
  -1.6752692e-03
  -4.8363509e-03
  -7.8036719e-03
  -1.0593873e-02
  -1.3215376e-02
  -1.5667678e-02
  -1.7941527e-02
  -2.0019888e-02
   6.5975653e-02
  -2.3493481e-02
   1.0890695e-01
  -2.0004854e-01
