  -0.0000000e+00
  -5.9204729e-06
  -8.8990372e-05
  -4.1974901e-04
   2.7818975e-03
  -2.7440120e-03
  -5.1758756e-03
   2.0387244e-02
  -1.3238205e-02
  -1.8880248e-02
  -2.5464308e-02
  -2.1386478e-01
  -4.0707034e-02
  -4.8932331e-02
  -5.7285499e-02
  -6.5600962e-02
  -7.3756249e-02
  -8.1667405e-02
   4.2662139e-01
  -9.6506943e-02
   4.9562446e-01
  -1.0938373e-01
   3.8557978e-01
  -1.1844620e-01
  -6.4670535e-01
  -9.9109266e-01
  -1.1600006e-01
  -1.0787915e-01
  -9.4629842e-02
  -7.5386818e-02
   2.3001454e-01
  -1.6090804e-02
   2.4840960e-02
   7.3394611e-02
   1.2920739e-01
   1.9153634e-01
   2.5926051e-01
   3.3090836e-01
   4.0470950e-01
   4.7866812e-01
   3.8297786e+00
   3.3789384e+00
   6.8012488e-01
   7.3360867e-01
   7.7731323e-01
   6.8316883e+00
   8.3062824e-01
   8.3890895e-01
   8.3478826e-01
   8.1868714e-01
   5.4982728e+00
   7.5404651e-01
   7.0795364e-01
   6.5460099e-01
   5.9550921e-01
   5.3215440e-01
   4.6588939e-01
   3.9788064e-01
   3.2906487e-01
   2.6012770e-01
   1.9150489e-01
  -6.2196588e-01
   5.5851830e-02
  -1.1260903e-02
  -7.8101928e-02
  -1.4483339e-01
  -2.1154282e-01
  -2.7818298e-01
  -3.4452422e-01
  -4.1012347e-01
  -4.7431229e-01
   3.4210868e+00
  -5.9472799e-01
   3.1846423e+00
  -6.9671372e-01
  -7.3756942e-01
   2.6453071e+00
   2.7242123e+00
  -8.0534477e-01
  -8.0679576e-01
  -7.9694928e-01
  -7.7588224e-01
   3.6548703e+00
  -7.0221054e-01
  -6.5152584e-01
  -5.9338286e-01
  -5.2939682e-01
  -4.6132470e-01
   1.9141870e+00
  -3.2018036e-01
   1.5895802e+00
  -1.8381932e-01
   5.8360878e-01
  -6.3538620e-02
  -1.1842601e-02
   3.3532516e-02
  -4.8217426e-01
   9.0113162e-01
   1.3163324e-01
   1.5284199e-01
   1.4422670e+00
   1.8190372e-01
   1.9131999e-01
   1.9834652e-01
   2.0365770e-01
   2.0780885e-01
   2.1121026e-01
   2.1411380e-01
   2.1661176e-01
   2.1864755e-01
   2.2003665e-01
   2.2049576e-01
   2.1967779e-01
   2.1720981e-01
   2.1273135e-01
   2.0593034e-01
   1.9657423e-01
   1.8453456e-01
   1.6980344e-01
   1.5250127e-01
  -8.6972716e-01
   1.1129024e-01
   8.8209991e-02
  -3.2993694e-01
   3.9773362e-02
   1.5611635e-02
  -7.7170392e-03
  -2.9661562e-02
  -4.0085552e-01
  -6.7554828e-02
  -6.7916444e-01
  -9.5356225e-02
  -1.0510195e-01
  -1.1210405e-01
  -6.2525578e-01
  -1.1854586e-01
  -6.3615236e-01
  -1.1673410e-01
  -1.1357696e-01
  -1.0939094e-01
  -1.0450704e-01
  -9.9216811e-02
  -9.3759168e-02
  -8.8311780e-02
  -8.2987134e-02
  -6.3721436e-01
  -7.2839134e-02
  -6.7942933e-02
  -6.3044368e-02
  -5.8018101e-02
   3.2055019e-01
  -4.7043943e-02
  -4.0850828e-02
  -3.4064682e-02
  -2.6639458e-02
  -1.8573500e-02
  -9.9122570e-03
  -7.4768972e-04
   8.7854680e-03
   1.8516206e-02
   2.8245969e-02
   2.7521398e-01
   4.6833498e-02
   5.5253095e-02
   6.2817594e-02
   6.9352689e-02
   7.4717932e-02
  -2.8119099e-01
   8.1579407e-02
   8.3005363e-02
   8.3120847e-02
  -5.4343826e-01
   7.9735972e-02
   5.4352018e-01
   7.2361535e-02
   6.7565907e-02
   6.2256078e-02
   5.6598110e-02
   5.0747757e-02
   4.4844867e-02
   3.9009189e-02
   3.3337701e-02
   2.7903496e-02
   2.2756139e-02
   1.7923347e-02
   1.3413755e-02
   9.2205003e-03
   5.3253153e-03
   1.7028235e-03
  -1.6752692e-03
  -4.8363509e-03
  -7.8036719e-03
  -4.8252497e-02
  -1.3215376e-02
   8.2879470e-02
  -1.7941527e-02
  -2.0019888e-02
  -2.1879592e-02
  -2.3493481e-02
   7.6157999e-02
  -2.5870188e-02
