  -1.3529077e-02
  -5.9204729e-06
  -1.3090318e-02
   1.0620048e-02
  -1.2259824e-03
  -2.7440120e-03
   1.1990060e-02
  -8.6571287e-03
  -6.2658289e-02
  -1.8880248e-02
  -2.5464308e-02
   1.9282006e-01
  -3.2487093e-01
  -4.8932331e-02
  -3.8348235e-01
  -6.5600962e-02
  -7.3756249e-02
  -5.5245871e-01
  -8.9272771e-02
  -9.6506943e-02
   4.9562446e-01
  -7.4454393e-01
   5.5138422e-01
  -1.1844620e-01
  -6.4670535e-01
   7.5129948e-01
   7.2631104e-01
   3.6248493e-01
  -5.0606365e-01
  -7.5386818e-02
  -2.5964047e-01
  -1.6090804e-02
   2.4840960e-02
   5.2218309e-01
  -4.5494204e-01
   1.9153634e-01
   2.1987560e+00
   2.8015294e+00
   3.4224184e+00
  -1.6598127e+00
   5.5065358e-01
   6.1850244e-01
  -2.3543954e+00
  -4.7222297e+00
   6.5571336e+00
   8.0994781e-01
   8.3062824e-01
   8.3890895e-01
   8.3478826e-01
  -2.8321303e+00
   5.4982728e+00
   6.3613906e+00
  -3.5040237e+00
  -4.2155535e+00
   5.9550921e-01
   5.3215440e-01
   4.6588939e-01
   3.9788064e-01
   2.2940803e+00
   2.2060517e+00
   1.9150489e-01
   1.2340516e-01
   5.5851830e-02
   2.9364537e-02
  -4.1602288e-01
  -1.4483339e-01
  -2.1154282e-01
  -2.7818298e-01
   2.1918365e+00
  -4.1012347e-01
  -3.2736448e+00
  -5.3620523e-01
   2.0410424e+00
  -3.5243292e+00
  -5.8438552e+00
   3.6229832e+00
  -7.6998896e-01
   3.8956599e+00
  -8.0534477e-01
   2.7722096e+00
   2.7382609e+00
  -4.2173905e+00
   2.5558295e+00
  -3.8160418e+00
   2.2368700e+00
  -4.0988515e+00
  -2.8745872e+00
   1.5810945e+00
   1.9141870e+00
   2.0357193e+00
  -2.5061244e-01
   8.9277370e-01
  -1.2111347e-01
  -6.3538620e-02
  -1.1842601e-02
   1.9213925e-01
   7.2442993e-02
   9.0113162e-01
   1.3163324e-01
   1.5284199e-01
   1.4422670e+00
   1.8190372e-01
   1.6271724e+00
   1.3881498e+00
   2.0365770e-01
   1.7658932e+00
  -1.3720887e+00
   2.1411380e-01
   2.1661176e-01
   2.1864755e-01
   2.2003665e-01
   1.8726282e+00
   1.5359840e+00
   1.5188799e+00
   2.1273135e-01
  -1.0288480e+00
   1.9657423e-01
  -6.4569906e-01
   1.6980344e-01
  -9.9558799e-01
   1.3287538e-01
   1.1129024e-01
  -5.8328802e-01
  -3.2993694e-01
  -1.4659140e-01
   1.5611635e-02
  -7.7170392e-03
  -1.9203741e-01
  -3.3118099e-01
  -6.7554828e-02
   5.1352512e-01
   5.9392212e-01
  -1.0510195e-01
  -1.1210405e-01
   7.2957352e-01
  -1.1854586e-01
   5.7076755e-01
  -1.1673410e-01
  -7.7360469e-01
   6.8392675e-01
  -7.1074651e-01
  -6.7408311e-01
  -7.7119853e-01
   5.4874610e-01
  -8.2987134e-02
   3.7022031e-01
   3.4559699e-01
  -6.7942933e-02
  -5.1279492e-01
   2.7252337e-01
  -5.2728449e-02
  -4.7043943e-02
  -4.0850828e-02
  -2.2255280e-01
   1.1781411e-01
  -1.8573500e-02
  -9.9122570e-03
  -7.4768972e-04
  -7.3938555e-02
   1.8516206e-02
  -1.9873875e-01
   2.7521398e-01
  -1.7093334e-01
   5.5253095e-02
   6.2817594e-02
   4.9417095e-01
   4.1650915e-01
  -4.0210686e-01
   8.1579407e-02
  -5.4991074e-01
   7.1689303e-01
  -2.9216692e-01
   4.4384643e-01
   6.6096788e-01
  -2.5894890e-01
   4.8178784e-01
   4.4498860e-01
  -3.8056103e-01
  -3.4304271e-01
   3.9487721e-01
   2.8387836e-01
   2.9806743e-01
   2.7903496e-02
  -1.2572594e-01
   1.0710361e-01
  -5.5708749e-02
   9.5169418e-02
   5.3253153e-03
   1.7028235e-03
  -6.8538473e-03
  -4.8363509e-03
  -4.8054943e-02
  -5.9890701e-02
   6.7152858e-02
  -1.5667678e-02
  -1.7941527e-02
  -2.0019888e-02
   9.4346064e-02
   7.1540019e-02
   1.0890695e-01
  -1.6576167e-01
