  -9.4608044e-03
  -5.9204729e-06
  -8.8990372e-05
  -1.1459546e-02
  -1.2259824e-03
  -2.7440120e-03
  -5.1758756e-03
  -3.7701501e-02
  -7.8216979e-02
  -1.4124218e-01
  -1.9663387e-01
  -2.1386478e-01
  -4.0707034e-02
  -4.8932331e-02
   3.4977456e-01
  -5.3430354e-01
  -7.3756249e-02
   3.8912390e-01
  -6.0516694e-01
   3.2327583e-01
   6.4466162e-01
   5.2577647e-01
   5.5138422e-01
  -6.3581040e-01
  -8.2121044e-01
   4.0391866e-01
  -6.2248432e-01
  -7.3411658e-01
  -6.4229358e-01
  -4.0123150e-01
   2.9918125e-01
  -7.8198678e-02
   1.4478939e-01
  -2.6251074e-01
   1.2920739e-01
   1.9153634e-01
   2.5926051e-01
   1.8121834e+00
  -1.4048182e+00
  -3.0872960e+00
  -2.7284715e+00
   5.2210584e+00
  -3.3668168e+00
  -3.6305133e+00
  -3.8459942e+00
  -2.8019989e+00
  -2.8733009e+00
   8.3890895e-01
  -2.8876438e+00
   6.9052123e+00
  -2.7380622e+00
   4.1173554e+00
   4.9199310e+00
  -2.2663941e+00
   5.9550921e-01
   5.3215440e-01
  -3.0053460e+00
   3.3649672e+00
   3.2906487e-01
  -1.6857963e+00
   1.0527411e+00
  -6.2196588e-01
   4.8747879e-01
   2.9364537e-02
   2.5981902e-01
   7.0055747e-01
   1.3390268e+00
  -2.7818298e-01
  -1.8674382e+00
   1.4045629e+00
  -4.7431229e-01
  -5.3620523e-01
  -5.9472799e-01
   4.1422828e+00
  -3.7860962e+00
  -4.0086699e+00
  -5.3228024e+00
  -7.9287462e-01
  -8.0534477e-01
  -8.0679576e-01
  -7.9694928e-01
   3.8118807e+00
  -6.2419848e+00
  -7.0221054e-01
  -5.4636895e+00
   3.7877669e+00
   1.8157936e+00
  -2.5037439e+00
  -3.9098574e-01
   1.5650882e+00
   1.2220905e+00
  -9.9195009e-01
   7.5910333e-01
   2.9974174e-01
  -5.5055317e-02
   2.9970641e-01
   6.2706025e-01
   7.4136052e-01
   7.2657237e-01
   1.3034570e+00
  -1.1035841e+00
   1.0004359e+00
   1.3394531e+00
   1.6862866e+00
  -1.3236542e+00
   2.0780885e-01
  -7.3767154e-01
   1.1759100e+00
  -1.0815117e+00
   1.8570792e+00
  -1.0983978e+00
   1.2106776e+00
   1.2062215e+00
  -1.4105639e+00
   2.1273135e-01
  -1.0288480e+00
   1.6713763e+00
   1.2924274e+00
  -1.1065468e+00
   1.5250127e-01
   1.3287538e-01
   1.1129024e-01
   8.8209991e-02
  -4.2915091e-01
   3.9773362e-02
   1.5611635e-02
  -7.7170392e-03
  -2.9661562e-02
  -4.9738841e-02
  -6.7554828e-02
   5.1352512e-01
  -7.8463457e-01
  -1.0510195e-01
  -1.1210405e-01
   3.9223820e-01
  -8.0804115e-01
  -8.0778549e-01
  -1.1673410e-01
  -1.1357696e-01
   3.6769728e-01
   6.5260630e-01
   3.3261892e-01
  -5.0132039e-01
   2.9502055e-01
   2.7666224e-01
   3.7022031e-01
  -7.2839134e-02
  -6.7942933e-02
  -5.1279492e-01
   3.5447273e-01
  -5.2728449e-02
  -4.7043943e-02
  -2.1308634e-01
   1.0798741e-01
   1.5324150e-01
  -1.3866151e-01
   3.5342315e-02
   5.3875404e-03
   9.1509491e-02
   1.8516206e-02
   2.8245969e-02
   2.1516423e-01
   3.3810395e-01
   5.5253095e-02
   6.2817594e-02
   6.9352689e-02
  -2.6707329e-01
   7.8812629e-02
   8.1579407e-02
   8.3005363e-02
  -2.9604486e-01
   4.5615909e-01
  -5.2894414e-01
   7.6473378e-02
  -2.5894890e-01
  -4.5089751e-01
   3.4861947e-01
   5.6598110e-02
   4.4453823e-01
   2.5376667e-01
  -2.6776328e-01
  -1.7789728e-01
  -1.5110447e-01
  -8.7919420e-02
   1.7923347e-02
  -1.0361976e-01
   5.9692246e-02
  -5.1748596e-02
   1.7028235e-03
  -1.6752692e-03
  -1.6886668e-02
   1.7444696e-02
  -7.1528905e-02
  -1.3215376e-02
   4.4558216e-02
  -1.1081288e-01
  -1.5082997e-01
  -1.3810525e-01
   1.0230318e-01
  -2.4832880e-02
  -1.6576167e-01
