-1.252010632251820077e+00
4.224108188733004532e-01
2.800866222966913455e-02
3.483353940556332962e-01
-3.749142853407244624e-01
4.540995693523398602e-01
-7.278430735985078615e-01
2.745540533864712085e-01
-2.970282005159187166e-01
-7.279511060804435552e-01
1.712414311969187031e-01
4.458359087107891527e-01
3.714505989533279928e-01
-1.103538222355382459e-02
1.819189738648471222e-01
2.695930926345817547e-01
4.579931768606271270e-02
4.029732152263119094e-01
-2.433817653758809652e-01
3.475450712405616649e-01
