2.117654099181675020e-01
8.640862668909734534e-01
-7.255223297223832857e-01
9.534067032820393861e-02
-5.754015446399401990e-01
5.533282214241934671e-01
-4.819920471156573516e-01
4.288603040056438442e-01
-5.224300625983635538e-02
-4.822164797357886834e-01
-5.057434341119469989e-01
4.549117883817492269e-01
-1.244506248131034380e-02
5.538771902525083113e-02
-6.414991863206703782e-02
-7.530912041947275537e-02
-7.412085391563237868e-01
-8.890404627307068458e-03
-6.869482589871271916e-01
4.925032884772888586e-01
