-8.093027253049785152e-03
2.345100465593971673e-01
-2.810400850835425568e-01
2.648974338719615323e-02
-1.920326814281046179e-01
1.091812650086166625e-01
-4.094566786880229348e-01
-3.115599352791714738e-01
-4.135100882968940628e-01
-4.094366836156268508e-01
-1.629493842352683908e-01
2.874251996478213167e-01
-2.169736080571160186e-01
-6.299417101365009652e-02
-1.826875996393829277e-02
-2.148974639787393573e-02
-3.019202665881491332e-01
-3.090585144246762450e-01
-2.504483798278895335e-01
-2.539717196054229187e-01
