-1.104187907136763291e-01
-4.783685111814084401e-02
-2.860688849498050912e-01
-1.617290135691284991e-01
-3.630468146215263259e-01
-2.539522139758656483e-01
-3.895429067869810025e-01
3.349496250362281602e-01
-4.089108835651977802e-01
-3.899021510361954101e-01
-9.156927649623802790e-02
5.401084946763046180e-02
1.033233120009772188e-01
6.409097999364810061e-02
4.058601473392499104e-01
-1.775067727891500580e-01
-3.334647883551539183e-01
9.102344369376436095e-02
-2.149924523719496383e-01
-1.684854629078111898e-01
