1.675382823274730593e-01
5.053985657979789270e-01
-6.477772395095623414e-01
4.314178830432065931e-02
-3.827245501344179734e-01
-5.266032692380889779e-01
-7.920616612852412475e-01
-2.296554022232389358e-01
7.935544534988642207e-01
-7.923654788385539050e-01
-3.090153309199062948e-01
-1.596043260629196048e-01
3.586834005747709803e-02
1.545699030962489340e-01
-2.967904694386238815e-02
-3.494204758592098919e-02
-7.136952278066571731e-01
2.116850022036213530e-01
-5.515672987364607094e-01
-1.891107717784241138e-01
