-6.122581588730198476e-05
-2.092166703547213881e-03
-2.855302658253812131e-01
-1.583561238141760821e-02
-5.030701604017985551e-02
-9.682808367509537772e-02
-3.295531866360333906e-01
-1.602341362391288271e-01
-2.534542002467194965e-01
-3.295927032116039990e-01
-2.120889592404873137e-04
-6.836378851595988071e-02
-2.345197262754924734e-04
-8.640920420631117895e-04
-1.364834606362766711e-01
-1.291941141611870625e-01
-3.185045607202243167e-01
-2.026083077770044665e-04
-2.190348786087389366e-01
-1.427549052946700814e-01
