4.749985640556537991e-02
2.084767370779974927e-01
-2.372116212290436565e-01
2.648249447968062734e-02
-1.841902847180710567e-01
-2.014669514047620347e-01
-3.124691499866402156e-01
-2.857861570121191241e-01
-3.451749749768699416e-01
-3.129463476396882604e-01
-1.572521363033543840e-01
-2.157377635292414830e-01
-1.097382678889307212e-01
-2.178790126477184730e-01
-1.826667735557446423e-02
-2.146844544671664204e-02
-2.520630213840751588e-01
-5.578207023058823211e-02
-2.319945532472239835e-01
-3.216033359560474536e-01
