6.498065223242522892e-01
2.432733860637380785e-01
-2.570878285011768960e-01
1.400398324802859355e-02
1.963581134112936388e-01
-1.583481068633983690e-01
4.428953404212677136e-01
-1.358577568221018828e-01
-4.145317210476963665e-01
4.420168365224585449e-01
1.636377627690119019e-01
-2.159373911124241596e-01
7.121822462146000232e-01
-1.465327865595255352e-01
-1.331249798939844811e-02
-2.035052172185541214e-02
2.608612546566329571e-01
6.768874791630239418e-01
2.473224055221292517e-01
-1.098433220454076986e-01
