3.115819920108732488e-02
2.364254390719506271e-01
-2.828450609289908657e-01
2.648976904990473294e-02
-1.923810554682027218e-01
-1.531178161889301670e-01
-4.085080533177607442e-01
-2.840261866445863981e-01
-3.916507261610432389e-01
-4.084958143750019866e-01
-1.631130263075544484e-01
-7.595044939525454064e-02
1.449075702699775293e-02
-2.739510097063759808e-01
-1.826876372204747079e-02
-2.148975482129305767e-02
-3.042887118169489424e-01
2.881934301309468371e-01
-2.515734285201575160e-01
-2.529341426799317505e-01
