1.651261706016460273e-01
5.708985717515806246e-02
-6.971527815420155982e-02
6.197317115933953340e-03
-4.592814130465568134e-02
-1.983366131797124898e-01
-1.216511716026679596e-01
-1.761881553150320689e-01
-1.478484281904420272e-01
-1.216341599612444369e-01
-3.869735878682321190e-02
-2.106438645451866321e-01
1.883657426118446887e-01
2.080439974169040751e-01
-4.273213705482557453e-03
-5.026952435713209766e-03
-7.590484484675394383e-02
1.871204993466708266e-01
-6.115828687407091901e-02
-1.818553565683387330e-01
