1.857112982334988560e-01
1.857112982334988560e-01
1.857112982334988560e-01
1.857112982334988560e-01
1.857112982334988560e-01
1.857112982334988560e-01
1.857112982334988560e-01
1.857112982334988560e-01
1.857112982334988560e-01
1.857112982334988560e-01
1.857112982334988560e-01
1.857112982334988560e-01
1.857112982334988560e-01
1.857112982334988560e-01
1.857112982334988560e-01
1.857112982334988560e-01
1.857112982334988560e-01
1.857112982334988560e-01
1.857112982334988560e-01
1.857112982334988560e-01
