7.484721743805895500e-01
9.902564505282799301e-01
8.763521045053476177e-01
9.996846780250921993e-01
9.607476125774799813e-01
-2.762461321336367459e-01
3.627597705733339728e-01
-4.233974460037706611e-01
-6.844089181475777883e-02
3.630162674212973895e-01
9.748474267771972679e-01
2.461926850145406132e-01
-2.789944555315547192e-01
-7.002275422813536432e-01
9.998205368506528634e-01
9.997484872452737648e-01
8.419923670051059350e-01
-1.923255487082893844e-01
9.145989048258438281e-01
-4.419362626202176236e-01
