-2.519400226435143386e-01
2.793792835540231945e-01
-3.209940609414433377e-01
-1.158349025878218086e-01
-3.100917978157788912e-01
-4.185016225631030817e-01
1.139879448558244190e-01
-3.641802568717672495e-01
-3.757295978784598312e-01
1.144665817643075734e-01
-2.927625359250052295e-01
-4.965163225471003194e-02
-3.205643599211517314e-01
-3.096600989001663251e-02
-1.626026974426598715e-01
-1.659114078159259487e-01
-3.023001753291179039e-01
-2.860006892809685564e-01
-3.278452931737592113e-01
-3.484238287492038566e-01
