7.536062162304137946e-01
9.998838545263286637e-01
9.973788626137234381e-01
9.999999996386325085e-01
9.998698322383933190e-01
7.614489328876179464e-01
7.120081920782869167e-01
8.551944946192445718e-01
-5.200752766933759430e-01
7.123794775522416245e-01
9.999591842253588991e-01
1.457369783986668943e-01
-6.299843768745971850e-01
5.131284075402439138e-01
9.999999999558298880e-01
9.999999998818001057e-01
9.949485612754275232e-01
-5.292608051493279397e-01
9.990127651377261886e-01
7.923951642994548905e-01
