4.309340478783528772e-01
2.321359910519864289e-01
-2.476413326738482745e-01
2.683886945964663456e-02
-1.750949393538365484e-01
-3.111545796648805817e-01
-3.540799566911493335e-01
-3.565085077083534615e-01
-3.728604321461216897e-01
-3.540589637188498728e-01
-1.504886473654503953e-01
-2.734329174497021064e-01
6.150695066044397086e-01
1.268956389036811072e-01
-1.810193765149060302e-02
-2.125898533228817375e-02
-2.642898628342592593e-01
6.510539080121438005e-01
-2.230729728293134595e-01
-3.477771082080794995e-01
