-6.040813754334327657e-01
3.367598760729447194e-01
-1.578138882232418272e-01
3.128481540200690834e-03
-7.473959060206301908e-02
8.053171356916114521e-01
-3.444850217376573265e-01
1.770784853974218254e-01
-2.484043104186357820e-01
-3.444381485216837513e-01
-5.467053258768406893e-02
6.232793953744751869e-01
-2.375263452892312221e-01
2.961817741193498513e-02
-2.416771750918983528e-03
-2.893833631325817314e-03
-1.820708258323885109e-01
-3.201817771205571761e-01
-1.255705460305630572e-01
8.630395032037119218e-01
