7.602421479609675625e-01
2.092192052863308949e-01
-3.222278686400978365e-01
2.601598717616355333e-02
-2.146387355106437467e-01
-5.979164460859279773e-01
-4.163089395109677016e-01
-2.934929213374068979e-01
-3.320560124461156559e-01
-4.163327280439866329e-01
-1.797427773139547436e-01
-5.861850266724349945e-01
3.867595929261016807e-01
-2.736834035251722516e-02
-1.849527249578157215e-02
-2.180312160809717154e-02
-3.464823689426286824e-01
4.195993875741765300e-01
-2.855705375095303755e-01
-3.426929936156394851e-01
