2.179787414344388496e-01
7.060383289843867871e-01
-7.372995130382281603e-01
8.211784996210938492e-02
-5.462449611646397196e-01
4.262338244414685673e-01
-7.624068484368005105e-01
-1.027799142874650899e-02
-5.055011126214326023e-01
-7.625089035925309844e-01
-4.724587844399336101e-01
5.606897201846373635e-01
-1.054402402054933213e-01
7.363747432777560664e-02
-5.620363077792766421e-02
-6.606425761041703759e-02
-7.714803222550348227e-01
-1.025956642585124645e-01
-6.787817285947614909e-01
1.067055118338662706e-01
