9.792261238436675841e-01
4.543625476534539076e-01
-2.265238677462327599e-01
3.565619354652380807e-02
-1.750857460188251224e-01
-4.082539980534643509e-01
-3.011224468791668385e-01
-4.563637798659064826e-01
-5.353354714670012227e-01
-3.011120246312438686e-01
-1.556492269449791799e-01
-3.432738651720536049e-01
9.332369762950357694e-01
4.406829737904948141e-01
-2.260239721952044326e-02
-2.642713670848349100e-02
-2.377156957928214798e-01
8.930590489610986671e-01
-2.097970691315675096e-01
-2.388312782463630490e-01
