1.661842513714749114e-01
1.112225956477900513e-01
-1.349351706428194853e-01
1.218076759431650780e-02
-8.983214764464350632e-02
-2.288728129990860727e-01
-2.191733363618580954e-01
-2.519539561823604390e-01
-2.461994937535955386e-01
-2.191513436306908869e-01
-7.581916466482950534e-02
-2.012027463974635222e-01
6.476154788894074657e-03
-3.727590483424243067e-02
-8.399250433245452133e-03
-9.880649501854193648e-03
-1.462703755142969186e-01
1.632401633997325116e-02
-1.189439759875874913e-01
-2.485481146438472122e-01
