7.721384443698020572e-01
-1.162063021562484005e-01
-3.727280070305287740e-01
-2.412662798092437069e-02
-1.154282722107765891e-01
-3.445091212354883248e-01
9.734448653972871401e-02
-3.769721419360362313e-01
-2.121919339482570277e-01
9.759585460283284886e-02
-2.332453573904658684e-01
-3.149332412401796844e-01
5.855468487163474345e-01
3.559080640272331286e-01
3.356383869781250084e-02
-3.673145945170029625e-02
-2.116543053887243175e-02
6.030141789081467918e-01
-8.983375799467643863e-02
-3.795273187303433438e-01
