8.890391614116890384e-01
9.937390578890930026e-01
9.940240843104117818e-01
9.999990164159464623e-01
9.977265290823720267e-01
9.801001024937578965e-01
6.954484920083906507e-01
8.285167395091393994e-01
-8.630936792435974780e-01
6.961385687183692106e-01
9.987377708647448005e-01
-4.118319775444361647e-02
-9.664763486098906231e-01
2.201188944815977711e-01
9.999997773874683693e-01
9.999995739011635631e-01
9.943227879103111455e-01
-8.971573802197682079e-01
9.949657156166840100e-01
-6.551444238495047756e-01
