-6.302193476720980847e-01
4.416659366953925581e-01
-5.460887402777760968e-01
5.295978174255389082e-02
-3.790102681462919065e-01
-4.165107068089682896e-01
-8.065676648086096412e-01
-7.199644848784958473e-01
6.857726756457976913e-01
-8.067514579133506780e-01
-3.227073415812269919e-01
-8.683323965256868615e-02
1.595018956086751705e-01
-1.126908845501580630e-01
-3.653165609397587832e-02
-4.297001296057915976e-02
-5.835476893045679070e-01
1.525257576997019748e-01
-4.898573127244532088e-01
3.864007647973178305e-01
