6.478060737250319612e-01
9.808461106375819805e-01
9.892821255282694404e-01
9.996508388377313148e-01
9.874598479152810748e-01
-7.423145956381232979e-01
8.141290862165367903e-01
-2.782399515310120600e-02
-3.051464688406483883e-01
8.144480945947146777e-01
9.896959111120736674e-01
8.280269352811859829e-01
-5.645495832885902843e-01
-4.824247507854281802e-01
9.998335288772061125e-01
9.997698691491924139e-01
9.926313310598043893e-01
-4.839110928418471902e-01
9.865486936194505230e-01
7.226968949122397623e-01
