1.127831157516009236e-01
7.181689645356108265e-02
-1.209989665927453800e-01
1.923844710476787883e-04
-5.041846214027863315e-02
-2.394911784919306619e-01
-2.880340359261787109e-01
-3.114665385221216942e-01
-3.320035739262783836e-01
-2.879910749880740251e-01
-3.370345206268071658e-02
-1.825267962620562290e-01
4.927337058523258845e-02
7.633454187035076466e-04
-6.386529785438438520e-05
-1.038000632994797823e-04
-1.417769730199501255e-01
5.276153671031515169e-02
-9.350697893409573580e-02
-2.974800916597573064e-01
