1.967143973255447431e-01
-1.702681781802199146e-01
-1.045986707501032731e+00
-4.836153534824887412e-01
1.510352356501151565e-02
7.520559752324340597e-01
5.562523129942800182e-01
-3.995950275005111241e-01
1.662052764117025738e-01
5.672665427728663667e-01
1.075964945848293941e-01
-2.794302648800430222e-01
6.830242298300877313e-02
-2.374641654941317681e-01
-7.633802663256198384e-01
7.079942923381395137e-02
-6.879163902062935820e-01
1.066879608712656968e-01
-9.220813308452145973e-01
2.512496163690817186e-01
