2.247298836728816029e-01
2.200911644533439515e-01
-2.551278605551570156e-01
2.646722335331106249e-02
-1.837162035997828013e-01
-1.489003238092471981e-01
-3.151682308473086613e-01
-2.259274437057879892e-01
-2.903207838049924883e-01
-3.151724927395772036e-01
-1.578364945329174818e-01
-7.771440119114078615e-02
-1.513733348807003165e-01
-8.445355611474394952e-02
-1.826136895930471210e-02
-2.147771834738082183e-02
-2.696527989116747626e-01
-1.291042984721051112e-01
-2.321354455808991857e-01
-2.089203676908588936e-01
