1.508245918379952588e+00
3.358829378812266953e-01
-5.411403936541209214e-01
6.394483202612667727e-02
-1.842653217681565203e-01
1.862804984043103795e-01
-6.957925485890876782e-01
-3.128655698377734717e-01
-8.923034157902396402e-01
-6.951559256528675457e-01
-2.328044154474741279e-01
2.534484519746655340e-01
3.511560544171037912e-01
1.200797213807710984e+00
-1.924208015963074780e-02
-5.990317450079715896e-03
-4.962430248524809517e-01
4.108361378487044302e-01
-1.003082044145535839e-01
-8.565790914157672686e-01
