7.307450283384239187e-01
6.387553743250026228e-01
-6.063119360094039179e-01
6.744425504013096262e-02
-4.440825086719246140e-01
9.518399535830761593e-01
-5.963642142649685507e-01
4.099093914788629611e-01
-2.341833686668206849e-01
-5.964465960487844720e-01
-3.828239076176779276e-01
8.732948421895190272e-01
4.368310596984721350e-01
-1.713996386929828378e-02
-4.583086967347091423e-02
-5.385023958320795529e-02
-6.324443386278671975e-01
-3.265578747139717963e-01
-5.581162215552147865e-01
5.676354285945837130e-01
