4.643057842667565605e-01
3.477781516515190408e-01
-3.197432101308740893e-01
2.656357151214092452e-02
-2.074780911503421588e-01
-1.173357451248824013e-01
-4.980323325983255223e-01
-3.520060838189412178e-01
-5.134918100653116380e-01
-4.979991990282360836e-01
-1.731246119767935743e-01
-6.488706631072604925e-02
3.351560641850301892e-01
-3.836242912863075949e-01
-1.829005988585568135e-02
-2.152410049688917998e-02
-3.474649440968060610e-01
-5.578760917785080542e-02
-2.800101147496440457e-01
-2.713161239731106122e-01
