3.154567075311672242e-01
1.028386532032653788e-01
-8.666433030499864909e-02
1.216101931538211313e-02
-8.023572969807560296e-02
-3.111280121567011614e-01
-7.045705226373599750e-02
-3.438547312003865097e-01
-2.718581756647990844e-01
-7.031936847956121728e-02
-7.048058496055953359e-02
-1.710733230907754976e-01
5.831018776425600514e-02
3.871601037899715658e-01
-8.392768487017311999e-03
-9.870097371531622726e-03
-7.728714483169679683e-02
2.535203665419283325e-01
-9.075752430195307974e-02
-3.504057243141548428e-01
