6.467820985581803628e-01
2.124182317404222919e-01
-2.656995602700450987e-01
2.272903558246371775e-02
-1.709071501666626913e-01
4.635051002928435859e-01
-5.116758908816955165e-01
7.131498465913730378e-01
-6.079221489414987634e-01
-5.115876173425329965e-01
-1.433276212618244394e-01
3.073261437590810163e-01
3.890815483456559476e-01
-2.066061077498182186e-01
-1.567065780779406184e-02
-1.843548972123179239e-02
-2.918001267554182210e-01
4.238194148341438705e-01
-2.307145050554968435e-01
-7.208533370185581379e-01
