-6.347817355032070452e-02
6.543391150613321328e-01
-6.403691732167805517e-01
1.023496494835934301e-01
-5.502554971893046654e-01
-4.438873530473280704e-01
8.171635537053568710e-01
-3.253687258443816455e-01
-6.682121108981980973e-01
8.169271692378025085e-01
-4.952395818547814521e-01
-2.841098808941376896e-01
4.746133315628268956e-02
3.773940731636318269e-01
-6.853173899141652703e-02
-8.037940824277638174e-02
-6.364738887296820247e-01
2.035922541829955357e-01
-6.249244357035393937e-01
7.420080337387775504e-01
