-3.632181574090737053e-01
4.382402400738907300e-01
-3.208954823912288368e-01
5.014313826090734116e-02
-4.221269003987728752e-01
-1.438731372133283948e-01
-3.573750036340110348e-01
-2.464790318955608628e-01
-2.014522812298785714e-01
-3.569960039762222204e-01
-4.111933237801111418e-01
-1.218569358931122781e-01
-1.918352436929544047e-01
-1.498644189583824282e-01
-2.608386147089368154e-02
-6.215185926710146275e-02
-2.754477970016445676e-01
-1.946193329053360899e-01
-2.769493938114624965e-01
-2.643540779159438969e-01
