-2.941361643448442420e-01
-1.059942482960812976e-01
-5.135947383070479377e-01
2.814589430638095302e-01
-8.383292426719720636e-01
-6.247697668947962413e-01
6.846023737198649872e-01
-5.472815015477304756e-01
2.938187484017572570e-01
6.840969920873167798e-01
-6.203199487791483113e-01
-5.953236329371598412e-01
-5.993257880077954569e-01
-6.009635020918546733e-01
-6.793492370369874633e-01
1.573024058798812297e-01
6.806515354388387173e-01
-5.938251213341245727e-01
-8.197769461374495581e-01
-5.996047464765827950e-01
