5.150679741274890588e-01
3.179020706717627931e-01
9.910337313721795383e-01
9.984851280438482579e-01
9.902860120783387732e-01
-5.827989206612885220e-02
5.659406276516706358e-01
-8.184877965185240190e-02
-5.012452810341563175e-02
5.667009846585705501e-01
6.555721957416728030e-01
-2.904686417240344085e-02
-4.646035117377523282e-01
-2.089113173403085999e-01
8.980487349896494331e-01
8.850726804979126561e-01
9.947750841910741881e-01
-3.772450528857035912e-01
7.374954597623235575e-01
-7.848808677592399030e-02
