1.529867139810144570e-02
2.034112764624673997e-01
-3.807605712988159641e-01
3.399017224846603152e-02
-2.292528150080228866e-01
-3.395495520892837793e-01
-8.946490545038554565e-01
-9.472378057302076326e-02
-1.414217450406560217e-01
-8.949775831980393281e-01
-1.954786929949560159e-01
-6.810745049284971930e-02
-5.928766280472641450e-04
1.758056368378747890e-03
-2.376054163337900510e-02
-2.794842689954776110e-02
-4.408429806150986341e-01
-5.299827813366735519e-04
-3.156468312686506739e-01
-1.549181705804778819e-01
