1.880241582087599228e-01
3.076338783740044103e-01
-6.851231452134810551e-01
5.357372516874651242e-02
-3.569070908743814385e-01
-4.669962057334380023e-02
-6.432253371353766624e-01
-1.575335755307876728e-01
-3.977118101377224435e-01
-6.433657249242606957e-01
-2.770678212382169936e-01
-1.634969987826695101e-02
1.236844801963572632e-01
6.772289371951900616e-02
-3.700813408575661517e-02
-4.416375951554354917e-02
-7.364604304118463896e-01
1.272596470930813795e-01
-5.845332785813782683e-01
-1.218502429814084798e-01
