-7.986773358435933501e-02
-1.026228505008895397e-01
-2.141585675925145038e-02
2.480761074945967565e-03
-2.536398945052531495e-02
-1.709058784648293527e-01
4.203347428003083586e-01
-1.679644142171659305e-01
4.266482059112235437e-01
4.189313972489748794e-01
5.584233602719352457e-02
-6.920103309986735951e-02
2.272319024807307186e-01
9.010900114009701145e-02
-2.735668590535551836e-02
1.126396865315470314e-02
-3.687087684593880477e-01
2.293634241708068511e-01
4.726537752437240392e-02
-2.196995743439837390e-01
