6.201994138353135455e-02
5.319619773067669338e-02
-1.214006114666535963e-01
7.492152165518668402e-04
2.451696480879822226e-01
-2.203801257631290977e-02
5.427165279950807886e+00
-1.868824180911544952e-01
-2.702079070467963695e-01
5.406242524177079289e+00
9.162469993477012631e-02
1.218877379785788563e-02
-5.322754924676774690e-01
3.484981881595415332e-01
4.013316991203511801e-04
5.611045666743630193e-04
-1.272343581529890300e-01
-6.618788472008739765e-01
-1.867704056685302039e-01
-1.092195556204153539e-01
