9.976502554074507135e-04
-4.660494705070162835e-01
-6.036433075060916309e-01
5.487391986218873030e-02
5.224555757188342753e-01
-2.342469735998769509e-01
-5.501836059130372769e-01
-3.934840851040939669e-02
7.918813577470204534e-02
-5.506873723310553581e-01
4.419931723905507620e-02
-2.000166514410978702e-01
3.286634246293501649e-02
-9.738371889482783095e-02
-2.458295533462606652e-01
-7.464530119959880139e-01
-5.161414138993538625e-01
4.238090186095725548e-02
2.215560381343131546e-01
-9.679205724432200786e-02
