7.538801436025509284e-02
1.514084909130348211e-01
-2.467927373722623441e-01
2.188538985446602733e-02
-1.713052775136496009e-01
-1.453186834923744508e-01
-3.192586154421256928e-01
-2.256751149542684243e-01
-2.953667598840005182e-01
-3.192605617156883402e-01
-1.452358299542944875e-01
-9.334622609015712225e-02
3.655075714954245797e-02
1.214749017758056521e-02
-1.554435812602128313e-02
-1.831850769477702881e-02
-2.629135484571907821e-01
3.841966996612819485e-02
-2.218655648401454683e-01
-2.069985259027759539e-01
