5.974554419583886361e-02
-1.462799029852364374e-01
-3.652512323390570415e-01
-2.160746127954929138e-02
-2.226018564052289594e+00
-1.714707599789963011e-01
-2.073286428289291272e-01
-1.762341672261821535e-01
-1.876070391850404306e-01
-2.073460958729587411e-01
1.359648923705523371e+00
-1.699867133131625352e-01
2.838104620094732133e-02
1.295835749707659190e-02
1.812614354958593313e-02
2.168551291472395337e-02
-3.205083470056508399e-01
2.960890041488396102e-02
-4.765879357637686220e-01
-1.747316085647376283e-01
