7.727045366200094856e-01
2.967229804713510388e-01
-2.125162598412361770e-01
2.719759853133806721e-02
-1.581126812842888751e-01
-3.407917985853037846e-01
-2.856853171362297439e-01
-3.270131586631280229e-01
-3.081819287635758076e-01
-2.856158090492654789e-01
-1.381328303485696296e-01
-3.486453185309329461e-01
-8.604970907184498197e-01
9.674690267216695672e-01
-1.793706808483553836e-02
-2.103129142209009261e-02
-2.241226712857425918e-01
-9.256721639611146246e-01
-1.948207875723779459e-01
-2.192056118386959407e-01
