-8.209876762375678538e-01
1.192151302640325428e+00
-2.051744225048437731e-01
-1.479755102086675711e+00
9.743138272335557515e-01
-2.248022593717295334e-02
-2.639704787172297618e+00
2.268992978998322640e-01
1.387717434487468315e+00
-2.642731900354541974e+00
-1.534438960336979851e-01
3.945712665718760226e-01
-1.011287092352581574e-01
-4.161292642069985837e-02
-1.415976450859602886e+00
-1.402839465418297182e+00
-5.107325234959624316e-01
-1.417058197604487424e-01
8.953986051936555501e-01
2.648966604437767991e-01
