2.259748379991636524e-01
1.038473738322631540e-01
-2.374761187278809915e-01
2.874652151594178293e-02
-1.359613992332064647e-01
-2.322404301472732191e-01
-2.034364527192506211e-01
-2.671781500358643147e-01
-1.953673289424273374e-01
-2.034909768188541968e-01
-1.329205960048072399e-01
-1.527286079008259301e-01
-2.518099128912791307e-01
-6.856500103926045642e-02
-6.465326268747182900e-03
-1.535705090077377384e-02
-2.505076358774055989e-01
-2.334480743179969953e-01
-1.642019948434171039e-01
-2.712618797561516248e-01
