-3.208309745857583772e-01
5.857772507169800580e-02
-4.259270067858879627e-01
-5.790535225089280674e-02
5.842895985646873180e-01
3.610425733729498154e-01
-2.359616561187273254e-01
-3.488205873660280010e-01
8.834877335166728685e-01
-2.374811217781947204e-01
-1.154374152251459312e-01
2.400284107197914463e-01
1.406204934272365162e-02
5.068044723224009868e-02
-1.779110442294979666e-01
-4.992481449608807687e-01
-6.505900861209641395e-01
-1.688298163869759961e-03
2.013952543186283139e-01
-1.476050342753886802e-01
