2.831883549986550716e-02
2.870261016609823232e-02
3.389278653428143273e-01
-2.579243439874902982e-02
-1.573271779651463087e-01
-3.064336739021046932e-02
2.773275757777701189e-01
-3.648635123126064365e-03
1.045030876492606259e-01
2.774561524765044584e-01
1.959596152107888345e-02
-2.575066492095983914e-02
-2.438006080908061701e-02
-2.791529766828016249e-02
-8.680833952718255628e-03
-1.146165043650580057e-02
4.255466886520526404e-01
-2.293218851200975322e-02
1.421974228930853457e-01
-1.513349496104739525e-02
