1.664823911069530371e-01
9.658467020245836698e-01
-1.992104657657029210e-01
9.027810621768825872e-01
9.888408058762550024e-01
-3.992707964739732329e-01
6.773026331685005896e-01
-3.919473587641441603e-01
-2.977239155097223811e-01
6.778574713964674592e-01
7.511969945384255887e-01
-3.997564777939580649e-01
-1.597140988175958509e-01
-6.509343284359507542e-02
9.830924880502459606e-01
9.883069352552834586e-01
1.551342157906171818e-02
3.281965864688642931e-01
-2.056671437045116402e-01
-3.918455195095462695e-01
