-1.203880731857391723e-01
4.303672851449157344e-01
-3.432366741269931576e-01
4.288468077244645543e-02
-2.575060119217653098e-01
-3.964395318312933791e-01
-4.279233172567373233e-01
-4.173045112722196803e-01
-4.316169735642071958e-01
-4.279141553638425854e-01
-2.248331920078220636e-01
-3.816636733122705794e-01
-8.234250354501541080e-01
4.762870547076400451e-01
-2.860295509031560851e-02
-3.356155544889127817e-02
-3.602342196668424923e-01
8.397038700996742877e-01
-3.161927273367418079e-01
-4.126931645151881156e-01
