5.502352641884560025e-02
2.288050803959750801e-01
-2.705353717044431394e-01
2.647924766778665673e-02
-1.883943002482115214e-01
-3.142101734911728061e-01
-3.809048551592146836e-01
-3.634450696679587534e-01
-3.909373196310031440e-01
-3.808876246657645903e-01
-1.606723239310189066e-01
-2.772127897728575707e-01
3.245137534724974460e-01
1.007044956516355699e-01
-1.826531264977591246e-02
-2.148413764170693796e-02
-2.891513706116784488e-01
3.089151370976930822e-01
-2.427948806621137989e-01
-3.531128492445924638e-01
