4.223039856960810190e-01
6.597849584899868614e-01
-8.155371992953672211e-02
5.612536197852796560e-02
-1.875593448745432601e-01
4.697183096484066067e-01
-3.954163970559366192e-01
4.256071732135939256e-01
1.384298838644236473e-01
-3.960463303128164969e-01
-1.881442305008585170e-01
3.939369067269912206e-01
7.163518013443131993e-02
-7.722249174012368877e-02
-3.498532451095089785e-02
-4.082633562719736181e-02
-1.622486133033880160e-02
8.701734521172152514e-02
-1.412716747604500778e-01
4.554691556467946878e-01
