2.941147831091782128e-01
6.863661630938272529e-01
-7.465316130263808247e-01
-2.904900185900597398e-01
-3.937400948390287758e-01
1.668983629939968516e-02
-7.331358088686625862e-01
1.051449252892982730e-02
-2.070365151890625754e-01
-7.331213438177313080e-01
5.643401217804146219e-02
1.221636888625573548e-02
1.175472744879505343e-01
4.804474818403935837e-02
3.677185612775465962e-01
-3.597690827137393632e-01
-6.932951862378898822e-01
1.239086332913032495e-01
-1.017464629979223795e-01
1.608756968394137524e-02
