5.064795695234183270e-01
1.056910474435923397e-01
-6.795464945168556703e-01
5.155522299798660502e-01
-1.395487654898799335e-01
-3.702515506345640528e-01
-1.614805809054820629e-01
-1.888318435034799236e-01
1.596790627745989510e-01
-1.627111604550554591e-01
3.100363033422499637e-01
3.845105550948855686e-03
5.224118234576401454e-01
-1.762972915765937398e-01
1.580803154525317611e-01
-5.727891463809506867e-01
-8.362178562572530893e-01
5.119275274786811991e-01
-3.349872090562732163e-01
3.929428770171508600e-01
