5.960801972274541033e-02
1.944018028566177059e-01
-2.289623741165861259e-01
2.270576131910051823e-02
-1.608074948067660936e-01
-1.420166116990885519e-01
-3.041703992084752728e-01
-2.265863316106056236e-01
-2.893907956465046061e-01
-3.041671887183664547e-01
-1.373526325270716941e-01
-8.009812166041299641e-02
-6.739023910214817815e-03
-1.685549484721500860e-02
-1.566295319202377564e-02
-1.842293708924434142e-02
-2.438800087358719282e-01
-7.212946919836661294e-03
-2.062697962713840039e-01
-2.079988873449230835e-01
