6.602134596084345830e-01
4.346396515823394702e-01
-2.608110910043333619e-01
3.777123939604765807e-02
-2.007552792212080883e-01
-3.118977473694558578e-01
-3.210101490827804716e-01
-3.184967789293300378e-01
-3.250495999665344860e-01
-3.210029174852496170e-01
-1.772968910884384908e-01
-3.100721817800504709e-01
4.835956617249633771e-01
2.446420364528341662e-01
-2.441879389055072458e-02
-2.859059191137030068e-02
-2.726166867291047735e-01
4.960952526267054519e-01
-2.420164369723458164e-01
-3.166557688304954543e-01
