-6.685155332497141889e-02
-5.766881440146522054e-04
5.743115306328249250e-03
-1.240725022163167485e-08
4.779471093463716347e-04
-5.573018820639024096e-01
-9.021238083411191599e-01
-4.348703716939761876e-01
-3.570138537328536033e-01
-9.047680821588732769e-01
1.845389296204218881e-04
-6.436427704937883743e-01
-1.162372501192763946e-01
-1.750364942971699977e-01
2.113743225789335421e-09
4.794122133971684717e-09
1.008498974431649292e-02
-1.130744967335160084e-01
2.534802003595255666e-03
-4.619991588012216099e-01
