7.637598315341669331e-01
5.018701417114285190e-01
-5.509493335502265721e-01
5.793886856353742953e-02
-4.039436555361137215e-01
3.571797591312114162e-01
-2.346041701804622570e-01
-9.963263589102866469e-01
9.514668145356098838e-01
-2.350913905073189203e-01
-3.471230234898191047e-01
-1.532387526025696112e-01
2.904894000613166341e-02
-5.963052036234197661e-01
-3.996832894217568904e-02
-4.701017476723404198e-02
-5.745231257097471733e-01
7.859297773299446510e-02
-5.068562013806994226e-01
6.433328520334683498e-01
