2.388740858495572716e-01
2.450174118765064968e-01
-4.793546038336268245e-01
8.989907673564710711e-02
-4.917972716776132236e-01
-1.503079386625613949e-03
-6.151593427906926204e-01
-2.261228111770558491e-01
-3.265980933419417864e-01
-6.370340088419601532e-01
-4.047091472919684407e-01
9.023259156007827630e-02
7.422361990828375833e-02
-7.654999926882825878e-02
-6.160055135000061521e-02
-7.347578102118433596e-02
-5.375855309136267079e-01
7.370960410573655641e-02
-6.172610871719421688e-01
-1.798211599099850955e-01
