3.441347166424270632e-01
1.923629851667478241e-01
-1.717679461595423007e-01
2.001493228968016791e-02
-1.265776314475558495e-01
-1.056858328647632128e-01
-2.098525192571079057e-01
-1.546618069448579824e-01
-1.954279582244445035e-01
-2.098544838677296187e-01
-1.097761238785686655e-01
-7.255255813687695732e-02
2.794012610843801259e-01
1.848645915063366341e-01
-1.349065839198059814e-02
-1.584149709554110927e-02
-1.808122495693197662e-01
2.841118538198036392e-01
-1.573734093529409739e-01
-1.435012995956961857e-01
