9.700451258325505366e-01
1.299670776269194195e-01
-2.171582882045515195e-01
2.093780653456326843e-02
-9.256233074969386077e-02
-5.731216680780621964e-01
-3.091080636171706919e-01
-3.564869205013326270e-01
-3.150362638016980799e-01
-3.090938027645416808e-01
-5.075994611289732367e-02
-5.329189111514756050e-01
5.744027159305662433e-01
-8.779247869444966115e-03
-1.308052456170230582e-02
-1.585831884934629440e-02
-2.291785300899068512e-01
6.546383072545447490e-01
-1.936683937641519859e-01
-3.987332692107559140e-01
