6.905616163639483052e-01
1.490441738152324114e-01
-1.235523143652078326e-01
2.625986455658326640e-02
-1.336530248705398161e-01
-7.620787066627087158e-01
-2.518707642435775163e-01
-2.007298881496178689e-01
-2.937450722593584751e-01
-2.522091891869494562e-01
-1.531871514881091023e-01
-5.487080232856664797e-01
3.622816840488295997e-01
2.003808255819273798e-01
-1.004661883596854634e-02
-1.226433901963004842e-02
-1.254841518659738364e-01
3.924189304731506289e-01
-1.201695493199238796e-01
-2.573558259931501557e-01
