1.228050324485995687e-01
2.366076410907146654e-01
-2.096987160741044520e-01
2.692361311145562500e-02
-1.535735940117999021e-01
-8.155694888892517369e-01
-4.240012235564881160e-01
-3.584093052508483535e-01
-1.748069035848951736e-01
-4.240800595334848211e-01
-1.356962623773443899e-01
-1.951900618498146889e+00
-1.594031224386511375e-02
-1.006403315114357683e-01
-1.802149265899203115e-02
-2.114367870721852935e-02
-2.287052530947212281e-01
-8.762267381224280241e-03
-1.880890444417546159e-01
-2.733360972207107831e-01
