-8.400893205622991800e-02
-5.092829538460923455e-01
-9.515096654915307095e-01
9.989013074591683861e-01
4.306578863874953034e-01
1.035623128116723302e-01
-5.024767912020517979e-01
-1.155236784151245956e-02
-2.222905368665281656e-01
-5.026878008253338193e-01
9.830395746246479716e-01
1.536441348403632945e-01
5.615204441824255682e-02
1.437701789615430936e-01
-2.403051836385176332e-01
-8.288886692019864499e-01
-9.988461786110408580e-01
4.975033300834576233e-02
-7.180726011369841233e-01
2.140546535587404403e-02
