1.576535099131323031e-02
-1.009130140233997497e-01
-9.383045529575020360e-01
-3.747029708132604275e-01
-7.657822041275051950e-01
-5.855920852701495399e-02
-4.944092471837677749e-01
-9.996619345798338774e-01
8.542036651863085250e-01
-4.950394841349177733e-01
-7.079179868996955394e-01
-7.966484830708394638e-01
-1.034314363085898081e-01
-2.952109099872529119e-01
-4.457038847287370653e-01
-4.509986065135072053e-01
-9.706844534938667834e-01
-9.456180479500644886e-02
-8.821868650899344910e-01
-2.917459800341913878e-01
