-4.911189706119314762e-03
-4.307786744082386064e-03
-6.911651025335339149e-01
4.020605991071025898e+00
-1.316020820198365859e+00
-4.074497028380024144e-01
-6.319522552642591051e-02
-3.131019056062512296e-01
-2.344797933753864638e-01
-6.316182719496483966e-02
-4.470291714169033481e-01
-5.284621287092972075e-01
-1.014158174411629310e-02
-8.109472618267375699e-02
-4.173926578107751695e+00
-2.051519481202712214e+00
-4.351483007810153514e-01
-1.110607032465269449e-02
-1.120298796670034180e+00
-2.455712761097202101e-01
