3.788540193928788269e-01
2.416821570805169905e-01
-2.936339694736047612e-01
2.649597882772044416e-02
-1.951225871070125795e-01
-5.116072480675324385e-01
-4.838003272334128191e-01
-2.419193631373346420e-01
-4.956963656250062966e-01
-4.837556702973787037e-01
-1.647115359693114844e-01
-6.413613023272233260e-01
5.907802429042832149e-01
5.300614385523444438e-01
-1.827079831464324677e-02
-2.149306786174683820e-02
-3.187480185499929064e-01
1.691447276865648275e-01
-2.585162241688804263e-01
-2.145661075363755610e-01
