5.680066566877736145e-01
1.440589612787750995e-01
-1.745462133741844390e-01
1.433058965965772896e-02
-1.104110157882390031e-01
-5.384194820040690693e-02
-3.683187983521299391e-01
-1.134791534262307583e-01
-5.698716808240240628e-01
-3.682192927333529653e-01
-9.206759917076261235e-02
-4.563828322229263046e-01
2.938515508043142987e-01
3.011229607941028896e-01
-9.876443383788050326e-03
-1.162036986101301628e-02
-1.923921357913328800e-01
3.016057958553913232e-01
-1.507369387955629081e-01
-4.853022431867482500e-01
