-3.733703048953959658e-01
4.156701750398656969e-01
-6.061352425657705600e-01
5.226224275773214134e-02
-4.114752162171813055e-01
3.006657172100405950e-01
-8.007608477112058143e-01
4.052608361926370306e-01
-3.313174884899002248e-01
-8.008273531026187664e-01
-3.469398353764600040e-01
-4.222441631724180855e-01
-2.519663228133383615e-01
-7.478459110026249024e-02
-3.686543101167826658e-02
-4.343172183987995677e-02
-6.497420744894932820e-01
-4.365161658674553968e-01
-5.403437628206912979e-01
6.715212903389223831e-01
