2.318687970285194244e-01
-1.439231469574890065e-01
2.856547410988227731e-01
-2.615406736434695498e-02
1.680717381079878947e-01
6.777391789579334525e-02
-3.746595617639621456e-01
-7.530743729725245528e-01
-5.708063280532800210e-01
-3.773825448567378893e-01
-1.600529021518724837e-01
7.895426257411096715e-01
4.867549250673459671e-01
-6.672457052969223978e-01
-1.805871172979521197e-02
-2.032627815824227316e-02
-2.398079118732568404e-01
5.391100693981912828e-01
2.316309342453267694e-01
-7.039100154892157235e-01
