9.128795093352490841e-01
9.305927418123779438e-01
3.938266731649763264e-01
6.821706722678253509e-01
6.692554977680191808e-01
-2.615467653026585793e-01
3.540057913590032301e-01
-1.735765372368587856e-01
5.570543344597034957e-02
3.542023219123253686e-01
6.439574004219437153e-01
-2.838568368564763356e-01
-2.920259875517033921e-01
9.401016683569246579e-01
6.345029746605198584e-01
8.045109519773493423e-01
4.882143707236418773e-01
-2.245820494605832440e-01
3.045455324670809927e-01
-2.031056324262479618e-01
