7.214184991860000951e-01
1.024504664261301379e+00
1.516565811019275234e+00
7.335871478211285490e-01
1.173296152219280408e+00
1.435066744616499690e-01
1.008127938380371180e+00
-3.236793199114538222e-01
1.072834243022151307e-04
1.008626488645429475e+00
1.305340188158042425e+00
3.009380731777341333e-01
8.923519019020224874e-02
-6.014603814986770741e-02
5.354885152753525723e-01
9.472996394876550541e-01
1.498222016317291461e+00
1.117203682256389108e-01
1.393856793007258066e+00
-2.281777299925154268e-01
