2.425705220608100621e-01
1.985376623725797762e-01
-2.229955441164360175e-01
2.253958192460507950e-02
-1.551582160104375829e-01
-1.632803626109169959e-01
-3.146768379846251462e-01
-2.557231979055283877e-01
-3.124776299944503899e-01
-3.146652633571485613e-01
-1.325249184167431316e-01
-9.146417154569726204e-02
6.408889728505701155e-02
-2.005226091940275623e-01
-1.538762103979332378e-02
-1.808675737048039481e-02
-2.386217068892201032e-01
1.397146353435945731e-01
-1.999029467988755748e-01
-2.363760127124429067e-01
