1.324453885483106164e-01
7.918896408996164982e-03
-7.699408246526635580e-01
-2.790246486125453895e-01
-6.555871471678283990e-01
7.859043542085134004e-02
-5.997243471808995086e-01
-1.888410879984972826e-02
-3.019524295155556759e-01
-5.998897808957049937e-01
-6.081689540580612618e-01
8.693218066669801403e-02
1.181478327534148942e-01
3.410993629900277435e-02
-3.549836419576710145e-01
-3.605654968922571424e-01
-7.844264694981351038e-01
1.204728014793271795e-01
-7.381569682295511248e-01
1.749378139445419492e-02
