5.260246344991184597e-02
2.146555238976549096e-01
-1.508389357257243490e-01
1.987609413182717805e-02
-1.127046236096343884e-01
-2.971141585513696337e-01
-2.076960256690923157e-01
-2.645181715662588973e-01
-2.326142610626530383e-01
-2.076801235105894261e-01
-9.872202880685729265e-02
-3.194050002231277885e-01
-4.384845280971453874e-01
2.317696178826684529e-03
-1.304258897754655491e-02
-1.528646661403672280e-02
-1.591079132300955989e-01
-2.145400782473631529e-01
-1.383740533294590958e-01
-2.720663646763001320e-01
