7.085455281497507474e-02
4.815624661157527076e-01
-9.087395744243637052e-01
2.544211188556842057e-02
-3.700320324444376641e-01
-9.496817760085475568e-02
-4.403857291782470873e-01
-3.358973751669007690e-01
-2.908024890532842632e-01
-4.402193035375829844e-01
-9.034935011535595306e-01
1.552868329030878888e-02
2.646360547309867250e-02
3.578769250837890263e-03
-6.605361347718521903e-02
-4.965677519288561603e-01
-8.852910337520076833e-01
2.750722970898289085e-02
-8.888547610320764181e-02
-2.814226234166993246e-01
