-8.040879900159655924e-02
-5.667387444321063672e-01
3.907296064515867196e-01
-4.316019282835242832e-01
-1.935824938311114130e+00
-4.275020670359070962e-01
3.070046074829099192e-01
-1.778488387435020746e-01
1.024601276539165856e-01
3.071241910200264713e-01
3.087832642009812889e-01
-5.646945715133221411e-01
-3.104003570225071784e-01
-4.029628017577226995e-01
-7.550837252964548441e-01
1.462652631475937492e-01
-2.111704545021744650e+00
-3.013007158962015541e-01
-2.427772287700307619e+00
-2.404472122741101725e-01
