-1.521768456348675747e+00
4.927209729505151875e-02
1.036330630454149332e-01
-1.089936393673250528e-04
5.427424066272615311e-02
-1.153395887695610050e-01
-5.421165610908344756e-02
-2.169601149945807050e-01
-2.069527549846034986e-01
-5.409970351872918359e-02
3.741054569291460408e-02
-5.692286331936956961e-02
-1.120803818587942979e+00
-3.590766181502779708e-01
1.143066644533231185e-04
1.742058101221833971e-04
1.084779553654467710e-01
-3.877197918558876744e-01
8.966806014336753394e-02
-1.961788147685940564e-01
