6.229683303269340638e-02
6.888863030553100952e-02
-1.925558040107687718e-01
-3.375552770989746765e-02
-1.505298953764219738e-01
-1.578903773812476430e-01
-2.345470037225617643e-01
-1.940573426052628059e-01
-2.253207508574991969e-01
-2.345462800926079450e-01
-1.357349124268503182e-01
-1.349966229992325406e-01
1.773011420041539776e-02
-2.539567907986500436e-02
-5.809314792598306576e-02
-5.985175716213925190e-02
-2.014605815174060344e-01
2.034386126751990334e-02
-1.787704411583596054e-01
-1.856032084842628715e-01
