6.681908744572445658e-01
9.998348075171847871e-01
9.993440218862175151e-01
9.999999997641652039e-01
9.999560145905556086e-01
-1.598626607548382650e-01
9.347539866372495121e-01
-5.890147857065737291e-01
-9.460201040240963088e-01
9.348634581550286926e-01
9.999848481823518931e-01
-2.499813647877712208e-01
-3.305930997553152562e-01
9.990154740184279403e-01
9.999999999746768120e-01
9.999999999328622602e-01
9.988216442888200319e-01
-2.386979704422286519e-01
9.997257305961625429e-01
-3.382420907909420849e-01
