4.848499041435333501e-01
6.463681377684306062e-01
9.493989556453255041e-01
9.139088755631912253e-01
8.435793137313595258e-01
7.182872618851988966e-02
4.625234554186972158e-01
-2.482283030562452419e-01
-5.117106948799479138e-01
4.630221121708053555e-01
7.075817697173030218e-01
-1.083756694078562809e-02
-2.216618161111868213e-01
-1.679397792563155356e-01
7.548834678029929801e-01
7.420329477200567903e-01
8.919569012978236788e-01
-2.095231148174778180e-01
9.672828765191323619e-01
-1.244364396088036423e-01
