2.722750630253991666e-01
-4.394628596056661674e-01
9.575602720678047519e-02
4.148264722122692837e-03
-5.063070704064945859e-01
-5.361191114330561280e-01
8.362579804411129913e-01
3.567750005955461906e-02
-8.006060343885544883e-01
8.382000345651265949e-01
-4.191891273467462931e-01
1.652092492297318471e-01
5.956908552885946673e-01
4.705817342278156845e-01
-4.839705111822838468e-01
-2.986627230025218696e-02
3.472974040755860692e-01
5.596258929395382664e-02
-1.455782085000003334e-01
-1.273705544009667012e-01
