-4.432446156998027242e-01
6.254908977169539863e-01
-8.262489984965837309e-02
7.974713344152603578e-02
-1.240288502057782655e-01
6.388295172982774717e-02
-7.856783226578961665e-01
-2.436979049207116665e-01
8.871011961282256886e-01
-7.864074726909418001e-01
-1.625941835008438419e-01
3.328500080763561325e-02
-6.195940948966379702e-01
1.561100832906577307e-01
-5.112579744086843958e-02
-5.963083003590766151e-02
-1.372186133503037198e-01
-6.439137427680673431e-01
-6.333751244405019798e-02
-2.096105665362206494e-01
