6.208232322445954299e-02
-3.283024632414072858e-02
-4.413743335105867471e-01
-2.755282507746755205e-01
-6.793722737986905846e-01
-3.138799470650438517e-01
-5.998346984935527815e-02
-3.262506847304977864e-01
-2.324903638922973248e-01
-5.987789010911457460e-02
-5.812800011055035965e-01
-2.813343820897752368e-01
5.749953591685257786e-04
6.210123090557254089e-02
-6.646874902505718608e-02
-5.419586922007445240e-02
-3.144454891318481105e-01
5.884660815446419698e-04
-5.995867141030374325e-01
-3.295246175086561369e-01
