3.150736937393788240e-01
3.349327020647661080e-01
1.097658349941075945e-01
2.629395682626020636e-01
1.587350404789997504e-01
1.326087470065515040e-03
2.203015112737499726e-02
-1.028935476875166531e-02
-3.284662583584969237e-03
2.205164856224662781e-02
1.738791443946349768e-01
1.475861417538753932e-02
2.810169087051129222e-01
2.465617804509483701e-01
2.435447712828539835e-01
2.421052757321204285e-01
9.754853353105787106e-02
2.830417293580530513e-01
1.270999769864508688e-01
-8.813713879412781241e-03
