1.710808849204973614e-01
1.493232426232487253e-01
-2.142361132965687476e-01
2.226072726118279166e-02
-1.538982829620456905e-01
-9.952935648811571390e-02
-2.631763981793488472e-01
-1.660530454240868869e-01
-2.337074120085272655e-01
-2.631833316837946524e-01
-1.322348665489795350e-01
-6.226564531689276344e-02
-1.034183545590571796e-01
-7.530068324393834498e-04
-1.536382237220490152e-02
-1.806875361070909083e-02
-2.266621563239913650e-01
6.917378164078320790e-02
-1.946827368961130400e-01
-1.496015004468525533e-01
