1.538767777924826274e-01
-5.776766323993325347e-01
-9.773926967525717879e-01
9.992762875066669714e-01
3.706208269581987014e-01
3.817081549860497636e-01
-3.444572946578753903e-01
2.410168376924154698e-01
-1.102035096016101660e-02
-3.447097007655628986e-01
9.714228799391305680e-01
4.444299578692544883e-01
3.233115694484957059e-01
4.319585360058175727e-01
-2.462128900323319325e-01
-8.248592185615717387e-01
-9.981698616934532309e-01
3.154820179296654037e-01
-7.760582554886559237e-01
2.809453436055165398e-01
