3.273270253718703338e-02
7.280610218470332518e-01
-7.681699653625823077e-01
-6.735538679712228527e-01
-9.242797049640091300e-01
-6.366053683765744708e-02
-4.672998320485292068e-01
-1.961801543062212105e-01
-3.735858048824888811e-01
-4.673013214387309877e-01
-9.461011470217892683e-01
-2.744164350699845791e-03
-8.973410303491348439e-02
-1.551763308468613340e-03
-9.912148123268119670e-01
2.998339774429960650e-02
-6.372009678426316936e-01
-1.091871801350311755e-01
-8.677394090665320192e-01
-1.605682623400937203e-01
