-1.983752928739471698e-03
8.224956353310842738e-01
-1.083369468392780144e+00
1.021334290280436763e-01
-6.323973314111134281e-01
1.702942750933656435e-01
-1.506344051891751912e+00
4.696530189705508396e-02
2.226242674149808698e-01
-1.507548886739970895e+00
-5.344284834084579439e-01
1.220431761372221535e+00
3.259953548384088295e-02
3.353096922798016188e-01
-6.788509938944128908e-02
-7.960139941323313151e-02
-1.252496892050345645e+00
2.177887107023385518e-02
-8.890751480227825354e-01
1.015421479294893736e-02
