-2.169121063339228828e-01
1.356371811948632877e-01
-2.915336968682138874e+00
3.516920777686607935e-01
1.520596939506547313e-02
1.196171827090781042e-01
-1.030368712787279595e+00
1.215391278514732498e-01
-3.319997517050388147e-02
-1.031342962530510388e+00
1.250801988130736675e-01
1.055456587410520675e-01
-3.899563334228895450e-01
-4.042054740418936642e-01
-6.603889772390096613e-02
-1.096495551501601273e+00
-3.338049657147302174e+00
-3.854604809548541344e-01
-1.579133658066074197e+00
1.802391736037874392e-01
