1.199140491865350766e+00
3.944267854188147071e-01
-2.940461454161574228e-01
3.424743465225550676e-02
-2.162922377190927559e-01
3.986788168875046723e-01
-4.064091563530907170e-01
-2.749044415808072350e-01
-1.160751867558523998e+00
-4.061341786209457516e-01
-1.909401153313941002e-01
-1.569042558912977503e-01
7.428964366859283075e-01
1.231428892409913572e-01
-2.267911160207453786e-02
-2.674655494409857934e-02
-3.141935224284661543e-01
7.756192251042711705e-01
-2.658483882378256391e-01
-2.586757152075905286e-01
