2.377415876691035823e-01
3.888804697815673728e-01
-2.261050495150198070e-01
-1.190526525761378615e-02
6.276377767480635986e-03
2.671134901993220678e-01
-4.634342798059449264e-01
1.773318668195189018e-01
-6.028597157380540146e-03
-4.638928032349530772e-01
8.382085749007776865e-02
3.096884063614612215e-01
-1.215944764988382693e-01
-1.546586411062759736e-01
6.685342608979604091e-03
3.439692214394507452e-02
3.855004791426960287e-01
-1.150585624805752494e-01
-3.530378136233322528e-02
2.025806932638148372e-01
