1.572213756363103898e-01
1.880548275206996023e-01
-8.840930653880711976e-01
8.533601612809706138e-02
-8.240284729398476005e-01
-2.329013327686466073e-01
-3.569867588851253770e-01
-3.436611639395984463e-01
-3.986900014649198409e-01
-3.570201632092814270e-01
-7.450885268629642288e-01
-1.768269069689642758e-01
1.062452726815850401e-01
6.942814602766685106e-02
-7.328349108400762646e-02
-8.731045678067725357e-02
-8.485280362829170642e-01
1.088704992231969010e-01
-8.966862481216967273e-01
-3.163249347740821338e-01
