-5.000861820511934841e-01
1.776224996552340507e-01
-2.469137868864591245e-01
1.469835991712419368e-02
-1.304074047240525169e-01
-5.890767527612410515e-01
-8.707695913069701810e-01
-6.164609449578903888e-01
-8.749642047101356679e-02
-8.704601118248594949e-01
-1.043980083898448097e-01
-2.519729538077432936e-03
1.403613963216056304e-01
5.988296878765507758e-01
-1.011660014550158984e-02
-1.190798312004895734e-02
-2.877691813651062636e-01
3.849155362531422875e-01
-1.984022088858814481e-01
-1.384716312645987990e-01
