7.383737539586600063e-01
2.378307661260910810e-01
-2.854605465870261316e-01
2.648981667262227321e-02
-1.926551787568396290e-01
-4.609719849011104098e-01
-4.593851147126720158e-01
-2.703316717746426789e-01
-4.689081569687712503e-01
-4.593369135207812648e-01
-1.632198649715695948e-01
-3.899587320155641357e-01
3.872210179670237951e-01
2.725314960675386325e-02
-1.826875896324854295e-02
-2.148974653830065806e-02
-3.084177818627953926e-01
4.351151446490060248e-01
-2.528668782393493908e-01
-2.376363390102070317e-01
