9.851758907014089850e-01
-7.491707623798803395e-01
-8.830116900064136631e-01
7.590010886358368181e-01
-8.198496845415189638e-01
2.399956929156775165e-01
-6.583113101880133655e-01
7.419480812428698169e-01
9.251123760501799298e-01
-6.596297657097160982e-01
-5.321117033023079479e-01
-7.901708229177086817e-01
-6.133905791696850698e-03
3.061483373253276463e-01
7.857784730274947060e-01
9.999811931153456124e-01
-7.405048744869117128e-01
-4.325385577758819600e-02
-8.015961498455066447e-01
-7.190029902692347541e-01
