4.311896642738219376e-01
8.961982340159839744e-01
9.655302967032189931e-01
8.647826523308406177e-01
5.826408456336503727e-01
1.906758309993119294e-01
9.188088338749064166e-01
-1.020759987182982276e-01
-5.577180204405152164e-01
9.190970558920247280e-01
5.488713920548745628e-01
2.663129417006193309e-02
-2.663464626981221772e-01
-4.749887796490303432e-02
8.008493481924812141e-01
7.949635298007194928e-01
9.988672340273493377e-01
-2.551083210517514077e-01
8.330418657908410518e-01
6.817332159850079953e-02
