2.294300066965419549e-01
-6.799049407843606174e-02
-2.420805028744432708e-01
2.085018251979132639e-02
4.248550355363038822e-01
-2.347960963585659679e-03
-2.549427340798592345e-01
1.853805372561742049e-01
-2.234929948245503450e-01
-2.549548778462267795e-01
-8.713740753921173088e-02
-2.853619106666466731e-04
-6.465516781887507836e-02
6.026328316277741737e-02
-1.522299625009426206e-02
-1.733961951496460624e-02
-2.534909513019487637e-01
-3.132578116487778896e-02
-1.958060042119157407e-01
3.868502510847939696e-02
