-1.098697170402434808e-01
2.730810407983637611e-01
-3.482929052600007847e-01
3.785020893188423274e-02
-3.377295896214159709e-01
-3.060076858858090665e-01
-3.260708260117541890e-01
-5.057819739525272196e-01
-4.588022393513241926e-01
-3.256869399898391082e-01
-1.788512014941288086e-01
-3.050651528707563620e-01
-4.972400732896360420e-01
-8.163655651774748279e-01
-5.105836286354165782e-02
-2.958452884307120889e-02
-2.072376276389748806e-01
-4.758819542991065132e-01
-2.202124657685403386e-01
-1.903092828803697178e-01
