-2.497245037855851280e+00
1.547846019607640733e-01
-7.758605117958649044e-01
-2.426279019639561718e-01
-7.171816541780499099e-01
-9.237406191460807714e-02
-5.127050734323316261e-01
-1.864597556455078187e-01
-3.375176395602782486e-01
-5.128252715358557756e-01
-6.713704233907211716e-01
-4.313760543621825150e-02
1.118778374414660798e-01
1.254646942231637252e-01
-3.494552135685757288e-01
-3.572501485758046713e-01
-7.671286032227382368e-01
1.070381506914453579e-01
-7.718998979745456124e-01
-1.609463035910010664e-01
