-4.252602557922551263e-01
8.573136186101867340e-01
-1.015100757419939104e+00
1.053232770168462534e-01
-7.319557696274276992e-01
1.403957418019115000e-01
-1.057225780288762129e+00
-1.126500195651966851e-01
-6.560551827667487901e-01
-1.057398199824527651e+00
-6.284654819178887575e-01
1.644115613070624149e-01
-5.991167717135110760e-01
4.658225776283661697e-03
-7.267418088071145310e-02
-8.547319032074573997e-02
-1.069540334333195286e+00
-6.526923327524115637e-01
-9.252423948784151975e-01
-2.537705078440295400e-02
