7.128317616518314859e-01
3.151019636576518623e-01
-4.259978943572196863e-01
2.660477351729305384e-02
-2.400074296712050304e-01
-3.845367958402658992e-01
-5.791172619369419072e-01
-2.853707822502048463e-01
-5.562144201370060603e-01
-5.834866158313408713e-01
-1.916316030645039414e-01
-4.483562857691739123e-01
5.339422304256190577e-01
-3.351761181235035081e-01
-1.830650229706344903e-02
-2.155120124549510241e-02
-4.619562849856851949e-01
6.044001182446097076e-01
-3.585714815586281690e-01
-3.007630077752599940e-01
