7.340542377065156776e-01
2.924806118447527692e-01
-2.146834976476466594e-01
1.495281760931625042e-02
-1.783912567472860644e-01
-3.328827697571282163e-01
-2.515986114740597079e-01
-3.063687492313209582e-01
-2.746844024889456004e-01
-2.514884962605074548e-01
-1.519503088852693640e-01
-2.927418458719070471e-01
3.854760767856433845e-01
2.214794652941375064e-01
-1.545484050245049881e-02
-1.225347195915854961e-02
-2.042394498858104146e-01
3.969553436044205297e-01
-2.188295918944025975e-01
-3.153576982372301996e-01
