-3.185600884079564654e-02
-1.862158521290611657e-01
-6.938969941681789599e-01
8.718536594926391547e-01
-2.283659608850988898e-01
-1.155139728257555953e-01
-4.970659303856698186e-01
-8.338019276242714106e-02
8.851928515390838914e-02
-4.971849819312760266e-01
6.187453190603013631e-02
-9.158170144178501282e-02
2.103379043740245535e-01
2.162286700109583570e-01
-8.723788027248201571e-01
-7.334232774722849735e-01
-6.716804350448988270e-01
2.058341459592450962e-01
-7.118331816241783017e-01
-1.070446528762796223e-01
