-1.127246834472329651e-01
5.490866931736545498e-01
-7.642913163683177080e-01
-4.799687794317734624e-01
-1.430543361014837256e+00
-3.796760122059831266e-01
-1.482513860625389590e-02
-3.268214592484508518e-01
-1.750285110736449212e-01
-1.473963727243032817e-02
-9.309803730906035524e-01
-3.790815075377351739e-01
-3.740441242721804227e-01
-5.646309714614259345e-01
-2.494052610798806469e-01
-5.387349188506280750e-01
-3.732604756805688040e-01
-3.608371461825466975e-01
-1.357020702025888204e+00
-3.468053393861098010e-01
