6.865211709206932023e-01
-6.443309299939906608e-03
-1.918341564001395036e-02
-2.497150530533845669e-01
-1.537701749324960621e-01
-2.936458652569660099e-01
-6.725086377258379655e-02
-3.936144310229053311e-01
-2.988867466614870683e-01
-6.710234646307516870e-02
-1.820431489529216185e-01
-4.383516339429284203e-01
7.043834844314081911e-01
-3.298390771763157758e-01
-2.469308046446134774e-01
-2.463902784462782825e-01
1.752101975105184450e-02
7.737667726500010446e-01
-7.254130206411828208e-02
-3.637596643064148205e-01
