-7.334200791801003261e-01
2.027483949085370885e+00
-1.027751854691147715e+00
1.441154914337967607e-01
-2.630160216956861086e-01
-1.101343934260631957e-01
-1.470769433548427818e+00
-1.027627438874579857e+00
1.410185639897933996e+00
-1.471936622704774766e+00
-6.677716504465475156e-01
-8.272333978583011616e-02
-9.974731228981036091e-02
4.749096248179014434e-01
-2.966062598476479004e-02
-1.665545570115259943e-01
-1.347073849645219257e+00
-1.973240610769445846e-01
-5.761611932487549215e-01
-4.868693345584809706e-01
