1.506739000171610499e-01
7.770111834562304365e-01
-7.729625584521324644e-01
8.019923643294984972e-02
-5.463972091714157653e-01
8.391778701456912293e-01
-8.203229508397915648e-01
4.134540066057706409e-01
-3.831600230315970190e-01
-8.204837108104924281e-01
-4.672192062066423124e-01
7.759622049801242483e-01
1.238928796550110706e-01
-1.293989212291487279e-01
-5.448155444881967041e-02
-6.402207539757981403e-02
-8.191915636137967471e-01
9.245976874802684653e-02
-6.990278897732746799e-01
5.652107495251703639e-01
