2.056425955760999569e-01
1.747613400485949764e-01
-2.498471879371514381e-01
2.206900791414844257e-02
-1.691340453835811219e-01
-2.372076258415795336e-01
-3.650306220061391715e-01
-3.224951343017992134e-01
-3.710275003543368477e-01
-3.650131246335551749e-01
-1.428948723399883769e-01
-1.697310700466706235e-01
1.524171253850602203e-01
9.328279513522709510e-02
-1.546985096446048744e-02
-1.821671848697371462e-02
-2.687913224567826109e-01
1.557487713509586591e-01
-2.220749834492260766e-01
-3.048913839173821860e-01
