-4.487921658499116062e-01
5.262613313764618050e-01
-4.895516809716017326e-01
1.091992797596593068e+00
-2.236933366177591420e+00
-5.755884408927895990e-01
-3.678382928499349114e-01
-5.287615480756697739e-01
-3.065583551997132505e-01
-5.080747397824173506e-01
8.298611111601473800e-01
-5.827979021207018162e-01
-5.026679558122193470e-01
-4.191138109373960252e-01
1.765684332649468044e-02
-3.806243985451986805e-02
-4.660114077264548293e-01
-5.044377664780163029e-01
-5.582293915212599433e-01
-5.457597198198033128e-01
