-9.578103233967300012e-02
-5.149640820084776527e-01
-9.355054763160185471e-01
9.986846832089373294e-01
3.313467981736945567e-01
-1.588346693868122536e-02
-1.893707385184375258e-01
-1.008821811730060275e-01
3.243030850256313768e-01
-1.912133166573950493e-01
-7.383903416017041366e-01
2.939436213085460173e-02
-5.665604000560207215e-02
2.041464984296685950e-02
-7.585690357587864252e-01
2.648086854324403494e-01
-9.546596950229291334e-01
-6.179052092158662801e-02
-9.676405281917321854e-01
-8.262676116014476546e-02
