-3.546704474619454261e-01
9.001982479221788402e-01
-9.118826477418076060e-01
9.829151345043880827e-02
-6.568230001200329182e-01
5.061916312402513496e-01
-9.815347054295575635e-01
7.809538443955219567e-01
-4.658281604170981804e-01
-9.817104981121447249e-01
-5.650649757998315037e-01
-5.259592010154677810e-01
8.894473198395659239e-03
4.971815730789030247e-02
-6.691324384148628068e-02
-7.863198251262712435e-02
-9.633287740827934931e-01
1.921759514125380083e-02
-8.295863748127473292e-01
1.080943514941609562e+00
