-8.580794518656428282e-01
2.566815706229148581e-03
3.966453270613015558e+00
-2.311126849590763865e-02
5.557870487757781142e-01
8.573094035326958573e-02
-5.063559384045416278e-01
-3.100489318481674736e-02
-2.243979327123974965e-01
-5.066072994609371882e-01
3.805695428404430314e-01
1.420396221739379794e-01
2.699591777867788034e-01
1.578623426480792735e-01
1.998929598337033722e-02
2.388434534404271226e-02
-4.922789377981023762e+01
1.244289378166855004e-01
1.454125901598726900e+00
1.037568351738448261e-03
