8.131077642764009128e-02
3.562475489050107025e-01
-5.364363567935322985e-01
5.092535494242151489e-02
-3.824843097688729321e-01
-1.726218579056062463e-01
-6.408103148668132798e-01
-3.715398856074016987e-01
-5.562102434778630755e-01
-6.408356777306456475e-01
-3.266216630321464587e-01
-4.595578458437680341e-02
-7.081600758736274204e-02
-2.043829380274144736e-01
-3.594646479290169311e-02
-4.234094207380848657e-02
-5.670381338300891638e-01
-6.248468199663238798e-02
-4.872054581358715164e-01
-3.246659409666610707e-01
