-3.580140268401983358e-04
-2.832609484071789696e-01
2.377992806583356100e-01
3.010095302754325908e-02
1.276445910719775201e+00
6.937389492775816735e-02
-1.415866050584323910e+00
1.856769796361771099e-02
-5.933923964734840739e-01
-1.416217122947240670e+00
2.911938993471472892e-01
2.704309676944541968e-02
-3.402067725232411216e-02
-2.491138638966780561e-02
8.410390457522620711e-01
-5.081941510143649365e-01
-8.327117747368829870e-02
-3.360290167620182122e-02
6.011161019016214579e-01
5.796292360137007132e-02
