3.559381487073742800e-02
1.029512182641490886e-01
-8.430677610879724893e-02
9.483894783433303166e-01
-1.279710038279515960e-01
-2.963381421353216555e-02
-4.831412857991657095e-02
-3.335905490468200202e-02
-3.975335022931786311e-02
-4.832088574937746378e-02
-1.518829845490675956e-01
-2.790240465536075395e-02
3.120243768963970599e-02
2.825109313262616842e-02
-1.375421580055302684e+00
-1.169191557284928962e+00
-7.743208432314110934e-02
3.141008263247436344e-02
-9.610259945329904796e-02
-3.231947882986951209e-02
