1.996957625882626042e-01
-1.243703180619772433e-02
-2.402476107765082886e-02
-1.173542211617054467e-04
-7.696174543962755986e-03
6.823696229074122099e-01
7.044331377830319596e-01
2.080401703552222648e-01
1.820623156534447451e-01
7.067543521919708027e-01
-5.162467545285272241e-03
-6.813625409149196566e-01
1.174375399665636560e-01
8.583714956041751942e-02
-5.571740612491691500e-05
-7.714627415062350426e-05
-3.214386854991272552e-02
1.200490427735589061e-01
-1.616672131377911228e-02
2.394438278317769786e-01
