1.231050087214727862e-01
5.815814012315287940e-01
-4.459082852073925629e-01
6.410136182654008197e-02
-1.977366179957976977e-01
5.112367530957353523e-01
-4.925448188356993384e-01
4.279418980280833562e-01
-5.389340210974724599e-02
-4.926583766740415538e-01
-2.957836643615450178e-01
5.435355632370956203e-01
6.234975646524154591e-02
-4.008580454036598240e-01
-2.418120207793824500e-02
-4.493179347522252565e-02
-4.717796104812925773e-01
9.490464316194546779e-02
-3.866874254048545678e-01
4.663377655414735479e-01
