8.216705922504433102e-02
2.048662946584129674e-01
-2.923695160024524231e-01
2.624020269032044037e-02
-1.991384253065003884e-01
-2.714870541229153500e-01
-4.221742768501587362e-01
-3.699832325904030550e-01
-4.272333925248792408e-01
-4.221553897905103159e-01
-1.685508499228944024e-01
-1.940148113927659956e-01
-8.066327615475134272e-02
-2.624002759041016430e-01
-1.837496778714728038e-02
-2.163548928836584243e-02
-3.140449796244601521e-01
-7.052073258417432267e-02
-2.604441553363382456e-01
-3.495636239413214552e-01
