9.226452182661217805e-01
6.072336908586579707e-01
3.072753398859655594e-01
-5.448485102624429643e-01
2.751071394275971804e-01
-2.458317013668032402e-01
-1.805047060323499153e-01
-3.156872803014551532e-01
-2.891200068795258260e-01
-1.819818786592249105e-01
2.316949213367535676e-01
-1.494016498078281630e-01
7.618670442130653919e-01
1.297634235069128339e-01
5.101069822185961833e-01
1.666344639820608875e-01
-6.160508832837979093e-02
8.071748083099996585e-01
-2.726334540809937090e-01
-3.622207827752501608e-01
