6.771053794755536870e-02
2.127870750887442819e-01
-2.362608787150434209e-01
2.771862819220575341e-02
-1.829392945994350594e-01
4.861843978463378790e-02
-2.077140534366264946e-01
-2.690014580566619379e-02
-1.300994383298824664e-01
-2.077538268810998068e-01
-1.595846536447609598e-01
8.323162691558678994e-02
-1.623241342934993170e-02
-7.649209357987749036e-02
-1.913386835855697410e-02
-2.250017500067241424e-02
-2.434590542744201336e-01
-1.197220922805830416e-02
-2.216009761620340024e-01
-6.459759288978679341e-03
