7.615508023930164239e-01
8.005012271747951047e-01
7.508323664380174289e-01
9.969804867175836582e-01
8.538141814722404188e-01
-3.774507669664100007e-01
5.034303647146627370e-01
1.413874514853197435e-02
-6.669058328407010405e-01
5.047100189293962647e-01
8.921508521535795877e-01
9.986518210078836333e-01
-4.393330106857424311e-01
-6.393369741354727465e-01
9.985735727552584873e-01
9.980275621983475398e-01
7.502950711986187127e-01
-3.504234566193354938e-01
7.763045641552025478e-01
-1.153204213539760908e-01
