-8.339315113514766953e-02
4.325756506098116239e-01
-3.212205580873746524e-01
5.285201844434927326e-02
-3.090272358646102280e-01
-5.195746765631350517e-01
-1.628689996753893976e-01
-3.938166172922444308e-01
-2.129589933706696470e-01
-1.628833122962138891e-01
-2.811691297693514335e-01
-5.509387922577037022e-01
-8.829817614802285552e-01
-7.677458261027986230e-01
-3.648956338642270897e-02
-4.290073424271370617e-02
-3.066400798239269365e-01
-8.522194305766670475e-01
-3.304348097547141205e-01
-4.321675874113688476e-01
