5.445556591008585690e-01
7.662737161711575817e-01
-7.279922270378217375e-01
5.775209328682829879e-01
-1.811833606684886688e-01
7.660898997890867035e-01
-7.790918136510730507e-01
-1.395499826696110050e-02
2.176117636317851933e-01
-7.798007367451124106e-01
-1.653379356668336839e-02
-1.472127672014566235e-01
2.837521416629451565e-01
1.229597714330141894e-01
8.371090340247420158e-01
6.875449049264015233e-01
-1.123547727126978785e-01
2.959697505265473927e-01
-4.641972752395929214e-01
-1.056235200014436770e-01
