1.133046065694581772e-01
1.148726112040961667e+01
5.258538802491002917e-02
1.669356740741838596e-01
1.160259778055413804e+01
1.220372351021713975e+01
3.663647079575682586e-02
-4.503622278932972733e-02
8.218299203116141705e-02
8.634908982659611487e-02
7.617293861656665444e-01
8.067805765982272170e-02
9.023463931808028970e-01
4.458454201284560270e+00
3.356145936562875409e-01
-2.677247578369258418e-01
1.082731747436329606e-01
1.134335241599777611e-01
6.330464508440247773e-02
1.513751846323383929e-02
