-1.109538934257261689e+00
-1.140520052275325646e+01
-4.187383358683858248e-01
-6.296461045381530619e-01
-7.211400658406129871e+00
-3.667156219103950576e+01
-3.667733728804322690e-01
4.586837379133594794e+00
-1.294088992821251116e+00
-5.475637855917593333e-01
5.692217411431709229e-01
-1.288914325809550343e+00
6.167829779544568014e-01
1.211752984673933220e+00
-1.200245739790809063e+00
3.757788854438160353e+00
-1.178361390431058142e+00
-1.069866571468440331e+00
-4.549682057987348149e-01
4.714970699620778943e-02
