-5.196716432962678045e-01
1.956528610274215429e+00
4.422909726940302266e-01
-2.342371972382936429e-01
1.897726016267799132e+00
1.538297334357478174e+00
3.112807645996559236e-01
3.326270465484789662e-01
-4.105246078621505035e-01
1.458630953787020790e+00
-3.851074017405619471e-02
-4.171182005558090045e-01
-3.011932175639048248e-02
2.915166437164037339e-01
-3.452065744344686715e-01
2.574170431476348053e-01
-4.804948721935382028e-01
-5.467519585704165852e-01
5.788592908011115368e-01
-1.430949925474817204e-02
