-5.988622813677810797e-01
-9.324824740840078618e+00
7.141177907592438992e-03
2.367623028924205064e-01
-7.518052313734143510e+00
-2.704954328875081515e+01
7.205146295070243012e-02
1.828900503844563152e+00
-5.014564922974638073e-01
-1.497043054517026295e-01
5.419273323782061169e-01
-5.209246614513224349e-01
4.639103508617647420e-01
-7.404180604931609011e+00
-2.329087658750319811e-01
1.657594834871476852e+00
-6.030105463181318903e-01
-5.883967664083393778e-01
-3.773797261188631402e-02
5.440598483741102553e-01
