-9.785957992329221908e-03
-1.272713237022252475e+00
-5.467204815195882779e-05
3.636769863890411614e+01
-2.470601431707361240e+00
-3.206919095682795096e+00
2.799866922538969929e-05
-6.186002642399730078e+00
3.825833980177603677e-02
2.887987739376386893e-04
-3.751867131662973368e-03
3.603696794444943841e-02
-4.959138937002402839e-04
-2.704689644617864208e-01
1.309333897567483973e-01
-2.748339060626501684e+00
-3.864382994022499962e-02
-8.130241136517692840e-03
-1.204683992912474041e-03
1.891678615420153529e-09
