-1.268894636002794840e+00
-1.353856950898186895e+01
2.049737149805894720e-01
-5.806562833881546704e-01
-1.307600973046333870e+01
-3.655787007911154518e+01
3.200437498184054430e-01
3.481587973166582639e+00
-1.527698110541845899e+00
-8.643983333768473498e-02
1.057678841610652842e+00
-1.526759531172377615e+00
1.027496866025731093e+00
1.818012790811001311e+00
-1.325370552598452711e+00
2.976571795387007224e+00
-1.383979175227156411e+00
-1.197814007782153745e+00
1.236482245853505607e-01
1.058400441611431875e+00
