-3.986775593981507493e-01
-4.240183670570836938e+01
-5.439237706464492006e-02
-1.674381574727932920e+00
-4.607411404276314215e+01
8.205938628659929179e+01
-4.687936909150282327e-02
-1.623948835180591743e+00
-8.278662123064355338e-01
-7.819806021718057887e-02
2.184893999872788428e-01
-7.863602169855467006e-01
2.551116412368339970e-01
1.762459250510298725e+00
-1.238186827002743406e+00
-1.734870945680921039e+00
-4.936434983450822545e-01
-3.543660787476325957e-01
-6.023736568882704506e-02
8.122929618150231609e-03
