3.396489282111010422e-01
8.622324805175375362e-01
-2.169987603940679022e-01
-9.302524138367777029e-01
1.485568693309783084e-01
8.806521943167971989e-01
-1.997783507080704846e-01
-1.065311810806912757e-01
2.297580838185958318e-01
-2.235428133909023729e-01
1.369077542178656626e-01
2.688205487305240782e-01
1.818088577142180085e-01
9.762376833671736476e-01
-3.369600320832698559e-01
-2.662422152865544511e-01
3.835730012096434938e-01
2.999001434369437114e-01
-2.245050638363666473e-01
1.835257657515403096e-02
