-3.632047621329939635e-01
2.308365003412741423e+00
-4.219009644183571162e-01
-2.785294195416623264e-01
2.145915106277297646e+00
2.251022565584672730e+00
-4.111955682627488340e-01
-1.087827008781444338e+00
-2.201899280489855171e-01
-4.276620841972855191e-01
-3.872877630878646671e-01
-2.301186475790876484e-01
-3.864699379003397883e-01
-5.263126662855580618e-01
-1.835027103289421646e-01
-9.744114724877184219e-01
-3.278382454487054343e-01
-3.776849263115319433e-01
-4.215770078298797241e-01
-4.161354216758320623e-01
