-5.620376262884516777e-02
5.371634094704885731e-01
-2.758094777750957384e-03
-4.233712924108985476e-01
8.832877151731491905e-01
2.610028652038677510e+00
-1.848228613524093662e-03
-1.779300680456079586e+00
-1.217451967367792626e-01
-6.213943095620090389e-03
7.211215451201678436e-03
-1.149137926538866677e-01
9.288968215256276223e-03
1.348109204081390233e-01
-2.087666376559791370e-01
-1.653537651214636917e+00
-7.027055747446027401e-02
-4.957981774876488862e-02
-3.544974470094217674e-03
3.883147561748172536e-06
