-1.943370216720660126e-01
-8.671421382515099197e+00
-5.416078831155917914e-03
1.106939408016784698e+00
-8.848831630348017896e+00
8.396410352639319896e+00
-4.486930585452264877e-03
-4.596027866819052954e-01
-1.086068067947366211e+00
-6.995232939271677462e-03
1.944826478528896008e-01
-9.835621816859477784e-01
2.708245740741109242e-01
5.264229061312636127e+00
-1.608547756779648230e+00
-1.455557154542135301e+00
-3.392780644820335145e-01
-1.408193102492256710e-01
-5.967822610714211204e-03
3.513393934500048271e-05
