4.183803953591190283e-01
-2.675923829406686849e+01
-1.201949293318949619e-01
-1.701392838021779763e+00
-3.574756197004223424e+01
8.605118591386921878e+01
-2.109134926383942621e-01
-3.285534729515775521e-01
-2.196618017831585556e-01
9.059627870380362880e-02
-1.202853847480590543e+00
-1.407310676450566622e-01
-1.170033660698125866e+00
1.455850920522722136e+00
-1.071652596654474099e+00
-4.061906334317746392e-01
3.208842595325470670e-01
4.502733868465537137e-01
-5.853146852553717250e-02
-9.102946119667930658e-01
