-1.053161890743330664e+00
1.799116818834750609e+00
-2.793722142708248146e-01
-1.039550269099914548e+00
1.785162130875156850e+00
4.259511630451763509e+00
-2.408902439717446886e-01
-1.442296835271000610e+00
-3.863375094822935285e+00
-3.814843053884465762e-01
4.805030593326949928e-01
-2.779771840898086932e+00
5.552760968862365809e-01
6.089419054494439543e+00
-4.813083498768342405e-01
-1.420503000083563006e+00
-1.234622455764157856e+00
-9.754679719667344040e-01
-3.070801114703082813e-01
2.913114221441948440e-02
