-3.823079629817725117e-02
-6.124924549032159105e-01
2.375149797274473881e-02
-8.307815976841801398e-01
-8.772034750262843739e-01
-8.799188825226693655e-01
1.962675733872803335e-02
-5.790676488392548782e-01
-2.763200638770746398e-01
3.278257367707273356e-02
1.217092225669706707e-01
-2.497198701533841769e-01
1.488762887497428467e-01
8.400318478491071161e-01
-5.579597283950821218e-01
-6.842189473151549794e-01
-8.244294391783880960e-02
-1.985322588763006532e-02
2.652886397414724526e-02
5.176108751891452756e-04
