-1.302992112933230473e+00
-1.225855308500922902e+01
-4.467249518337076952e-01
-2.357853004961921461e-01
-7.972697449131526781e+00
-2.588835157242561991e+01
-3.900915408322767064e-01
-1.724513383079143924e+00
-1.513335194800643047e+00
-5.906394528078536821e-01
5.363540289490709156e-01
-1.515484013378734840e+00
5.597282330016689622e-01
-4.207305781971651393e-01
-1.199690615336661326e+00
-1.596267815278391788e+00
-1.395432646199437077e+00
-1.249067687052343611e+00
-4.866415510685160872e-01
4.987974925234966994e-02
