2.589922279455055265e-01
7.830560371893843241e-01
1.463404939475108635e-01
-9.415710037616307204e-01
-1.567148808776750168e-01
-9.249795158467554179e-01
1.358233970927217038e-01
-9.892378935787876637e-01
1.022846955285070109e-01
2.752047885823805107e-02
-9.095395267332780087e-02
1.903515510062163130e-01
2.009906151724230594e-01
-1.358269598203176443e-01
-6.199188994396772623e-01
-9.920044493987285605e-01
5.125382804592941710e-01
4.520872076952339724e-02
1.471321168057786732e-01
-1.106098905730094895e-02
