-1.830674401204617219e-01
-8.655097970355225101e+00
-3.117280309362297497e-01
-2.070878415907529552e-02
-4.158420041211677187e+00
-3.196251071398488364e+01
-2.940968517396050363e-01
-3.774500683389704903e-01
-5.228510819270076881e-02
-3.343243730497355015e-01
1.214195519618257002e+00
-6.084187395852048291e-02
1.364238753716569441e+00
3.972484665971474982e+00
-2.835024569136299511e-03
-3.263048244956645028e-01
-1.448488724528210481e-01
-2.031806962810007999e-01
-3.210144577888336404e-01
6.253208630528277190e-02
