-1.915499463406971636e-01
4.633363520934405066e+00
6.944047377094892948e-01
-3.343181705013361871e+00
6.754915960398912844e+00
2.796462017219529805e+00
7.801853825011384469e-01
-4.383916249422414424e+00
-4.104363452226643671e-01
4.323595468929853358e-01
-9.997984501799761503e-02
-3.360357151820389521e-01
-2.105703507265428431e-01
-2.412601239456649171e+00
-1.583067536218865756e+00
-4.675792283914327996e+00
-1.448897620431566780e-01
-2.179739923035675375e-01
6.267238837716573308e-01
8.478807674970922914e-01
