-6.335327930899829763e-02
2.187233440998879619e+00
-4.692959459133229719e-03
-4.143368748591222950e-01
2.030039750764981221e+00
2.670004945220382009e+00
-3.217055432194704419e-03
-2.731113658495360141e+00
-1.123698239731713011e-01
-9.956316251950664969e-03
1.683086766544602403e-02
-1.072901290638020033e-01
2.186950483633886416e-02
2.693993419723975657e-01
-1.870568381823832227e-01
-2.350369022519576578e+00
-7.456664953114974792e-02
-5.770396651364101404e-02
-5.934073822550127615e-03
7.887395150325935368e-06
