-3.453968393627080857e+00
1.155653443134237968e+01
-4.113686743362721110e-01
5.589657264029397332e-01
1.083544076369923026e+01
1.396205288079312190e+01
-3.854383866604537134e-01
1.891255476591311435e+00
-5.027603539935088239e-01
-4.394103928673617210e-01
1.217271593514727579e+00
-5.655421509534982460e-01
1.350622572990481718e+00
3.552511568523894603e+00
9.230889877220538331e-03
1.763712274628221222e+00
-1.415862271519327420e+00
3.347489794070882851e+01
-4.246950982262563956e-01
7.331646384283654894e-02
