2.165549093804952363e-01
-8.424194406913407818e+00
-1.648106454868399073e-02
2.444122057521506353e+00
-2.065653601348513391e+01
-3.693752990434731487e+01
-1.176447865846062292e-02
1.113357989809679438e+01
5.280170187642090757e-02
-2.947221654474956390e-02
4.955158936386098306e-02
1.393916032290154206e-01
6.227190043948577919e-02
3.903997602354829510e-01
-1.157599293436968546e+00
6.025099353310298111e-01
2.991827322022068136e-01
1.671968858312944672e-01
-2.009373387022674040e-02
3.006357037829673125e-05
