1.442976841163658430e-01
2.182733808734335756e+00
1.136150780321525250e-01
-3.708371942409806610e-01
2.039777431838243338e+00
4.616892096009220126e+00
1.028294806899405361e-01
-2.447671311605956301e+00
6.444285639462453419e-02
1.356974233035629362e-01
-1.973862271142221014e-01
7.433402060567362302e-02
-2.107716189391376782e-01
-1.292811914552561836e-01
-7.022039156649580172e-02
-2.132252729423302462e+00
1.307761375468926013e-01
1.496373664093959555e-01
1.205052935287994204e-01
-1.595162328696460990e-02
