-4.316437959974819827e-01
-2.711219941990683679e+01
-8.892726865174935269e-02
-1.756739137984274501e+00
-3.092933467261369884e+01
1.031671379694086284e+02
-7.924204259106962245e-02
-3.886634487708870989e+00
-7.967356913379315397e-01
-1.175299473722165033e-01
5.651061513559273441e-01
-7.614843866360483382e-01
6.715293228046201879e-01
4.603392795022636541e+00
-1.175031043044330481e+00
-3.688771021190999644e+00
-5.142932269667935818e-01
-3.920933550854851513e-01
-9.618712896026877790e-02
1.707510385184207377e-02
