9.814770761475218874e-01
-1.386618862403607189e+01
1.088895584923435189e+00
1.265086561559494449e-01
-1.314518640760558377e+01
-1.419676698234369283e+01
-5.429228113965516023e-02
-3.565060090409433169e-01
4.310970322819375200e-01
-4.351076933063495189e-01
-3.407770476637429713e+00
-2.850175659848213638e-01
-2.354219287556790441e+00
7.382477901007860055e+00
-5.252427177299765493e-01
-2.430493426571670168e-01
-6.556932116442609759e-01
-4.792040533242182820e-01
-6.213719169619307259e-01
-5.294735977999914800e-01
