-1.744992852780892223e+00
-1.693462958330911317e+00
2.176492399604981753e-02
2.611535594124852810e+00
-5.094506461074519432e-01
7.308391837248750633e+00
9.644045613279579598e-02
-3.574578430636714899e+01
-2.288156697834665021e+00
-1.904854106486356113e-01
9.289427772766851721e-01
-2.297389248950855389e+00
1.165085052645882469e+00
2.806815907582866032e+00
-1.373307769803245426e+00
-5.493579677601239553e+01
-1.988663449857099641e+00
-1.604904758907129692e+00
-3.369492897368163431e-02
5.967099183429945830e-01
