-4.917845936947849717e-02
2.029596432464103373e+00
-2.447417252498872847e-03
-2.917001075362867790e-01
1.813354066943393850e+00
3.357383076711960790e+00
-1.659297253614026380e-03
-6.741711064874447157e-01
-1.119096685850656803e-01
-5.386050209908887013e-03
8.693200463803339370e-03
-1.054505385522240546e-01
1.135345602266152158e-02
1.756511367617002717e-01
-1.834779860412354968e-01
-6.301759816209866472e-01
-6.243286797577828062e-02
-4.306831048607039775e-02
-3.122404203172423395e-03
3.945091061043734225e-06
