4.702123980387387658e-01
-2.386925840131853960e+01
1.676168243674459324e-01
5.204050002667266472e-01
-4.406843027700975313e+01
-8.462679766463355691e+01
1.317771092677899047e-01
-3.716911977386131438e-01
1.953792878591315285e-01
2.610459704975486850e-01
7.501682514729872686e-01
2.312996217036499824e-01
8.893613385743893707e-01
3.980668084154735720e+00
-4.110858267939107580e-02
-7.261994959821461704e-01
4.344461917747963753e-01
4.795876976583113294e-01
1.935422395063310652e-01
8.327113277556382961e-03
