2.439125068793672468e-01
2.183916228915292468e+00
-8.059640789869677857e-02
-4.498291295476535279e-01
2.069813897440499151e+00
2.471558653258224769e+00
8.367132801372499651e-02
-1.564009903044392580e+00
1.847053292808000513e-01
1.859073578866500820e-01
3.913573624586109967e-02
2.117121355321382459e-01
-3.043697208737652579e-02
6.639111803444477378e-01
-1.076320037158259441e-01
-1.412370743983491161e+00
3.122817775797948059e-01
1.715959176660575569e-01
-1.191132241862484120e+00
-5.899954890718704659e-02
