2.772424707865295823e-01
4.823379571944029109e+00
6.022167553530238804e-01
3.506576449793277206e+00
3.343679347768287458e-01
1.153397746701976523e+01
5.177172451769204153e-01
4.021495631516009972e+00
-2.609124213889538080e+00
8.024370921055409278e-01
4.475150469782525620e-01
-2.405488174659850209e+00
6.046127312746505389e-01
3.314796211685684835e+00
-1.945015754300231325e+00
4.570372365007882465e+00
-3.550789971687315916e-01
5.242807244259072297e-01
6.604534532999862817e-01
-4.230199009936659593e-02
