-2.222631103408445885e-01
1.026790614575816285e+01
-3.365710375967068124e-01
5.425910122802417579e-01
8.811000204992838647e+00
1.543168735277948400e+01
-3.120218231839138601e-01
3.427741757758565377e+00
6.580114816978351877e-01
-4.058355866027431036e-01
1.068106659552414683e+00
4.741067615030260252e-02
1.189756014345432655e+00
3.794952346463403625e+00
3.710218191113948683e-01
3.350798778254008070e+00
-5.308258631137526690e-02
-3.052449225933847043e-01
-3.542214090459964715e-01
7.266570446471852518e-02
