-1.093345088326241332e-01
1.985211534006195322e+00
-1.852546269208950325e-02
-3.667335923789232788e-01
1.829362103649026849e+00
4.891710841983966773e+00
-1.439549836025735829e-02
-1.163475068754787678e+00
-1.760177486510175471e-01
-2.963320611527364701e-02
-3.045905157289702236e-02
-1.698685676663997945e-01
-3.480342374164013819e-02
1.115997149122880394e-01
-2.438797040561734852e-01
-1.042828150347881122e+00
-1.254395716436381147e-01
-1.012242320821892805e-01
-2.151878355220188110e-02
-2.467147636173692982e-04
