2.985435205984800873e-04
-9.442615433138241698e+00
9.910568961121252369e-09
4.124869527667013314e-01
-7.799147455631597836e+00
-4.556374775113835796e+01
2.667303826914972812e-09
9.128250096595691332e+01
6.597159367465381050e-03
1.419552591546139956e-07
2.979836410284626344e-07
5.243007475376561081e-03
6.775993474943342973e-07
8.669571429001536383e-04
4.768219857418803248e-02
-3.565424719704626710e+01
7.206678125297982492e-04
1.840555992644057567e-04
2.255324273951141003e-08
3.736950407776831252e-18
