7.905700114632593228e-03
-6.242434190367817770e+00
6.898700748289776641e-01
2.222703459350281741e-01
-2.682570378474557149e+00
-3.573229868471790383e+01
5.534506935917211656e-01
2.763607383424193098e-01
-5.383800582791062883e-01
9.360680886888479435e-01
3.946488490552260003e-02
-3.665051447006505980e-01
3.681933914212671133e-01
3.887773078284101125e+00
-1.045327680026442829e+00
4.040034056691128028e-01
4.297399737973987000e-01
-3.095736066016427923e-01
4.383361436722376103e-01
-7.409873872266778405e-02
