1.449377086493130462e-01
2.466370054476384155e+01
2.780703105337524739e-01
-2.026343661393299023e+00
-1.459707079863523482e+01
-1.594571987718263983e+01
2.462307135908466393e-01
8.329027991957147492e+00
-6.891871620257525866e-01
3.467876538820449106e-01
-2.939881114108606752e-01
-6.007683053313203070e-01
-3.028558166333719104e-01
8.008567979934895220e-01
-1.551756390572204936e+00
6.562686655210092646e+00
-1.708281709583947539e-02
2.127666916885190829e-01
2.990823190180867952e-01
-3.116370931994922114e-02
