-5.062359654075760940e-01
3.850926485943698907e+00
-2.224981841824513751e-01
-1.192681520342135482e+00
3.719565653160211927e+00
3.484660900078964119e+00
-2.210473451841141745e-01
-1.736150846352805921e+00
-7.540935916192221811e-01
-2.393736785503714215e-01
-1.164492733945054814e+00
-7.324889414121660280e-01
-1.310308488956450468e+00
-1.043399628115177435e+01
-9.583789968408351623e-01
-1.685821238810883305e+00
-5.673603119059494881e-01
-4.757423958837820321e-01
-2.253900818789981997e-01
-3.506415385671878826e-01
