-1.590750123161419408e-02
-5.064492517607837030e+00
-3.363997378886949456e-04
-1.198890784021667821e-01
-3.277103599913393506e+00
-3.646059246173606283e+01
-2.005851161124814238e-04
-2.888923395517699610e-01
-4.173295036448257389e-02
-9.551682142065128249e-04
-1.630744131341019384e-03
-3.899455131540200542e-02
-2.301869269583359766e-03
-6.044801151803953776e-02
-7.257188374929532393e-02
-2.692387921036425436e-01
-2.116575645084177101e-02
-1.354613012470243238e-02
-4.647784127729885336e-04
-6.199610992136046531e-08
