3.129087494343780751e-01
-1.777110546927570311e+01
2.528007041303300118e-01
-3.281786041761509232e+00
2.784451397805069117e+00
-2.535197627395671560e+01
2.251231143145716040e-01
-1.290734092180750459e+01
-2.567398071540019089e-01
3.146225185333995089e-01
-4.010156060192838767e-01
-1.818600086726555598e-01
-4.344653292801636812e-01
-6.282942371127974157e-01
-1.268553288240044763e+00
-1.169787830963210951e+01
2.262945972500437497e-01
3.446610056665869726e-01
2.712389461093651644e-01
-3.167249471733163402e-02
