-5.134898684882834852e-01
1.799018975425912936e+00
2.831827964815525345e-01
-1.532472395298316303e-01
1.759953592845227899e+00
1.921719560225078949e+00
4.118008542973253805e-01
-2.793155833373538455e-01
-1.418896637209667300e-01
-9.591072664096044198e-01
-8.028427260068651261e-01
-1.537800772585124487e-01
-1.097293362593097621e+00
4.641420785412410654e-01
-1.097217118055853341e-01
-2.712186910237045501e-01
-3.563602356473842825e-01
-6.186055343534755391e-01
4.371858158180003118e-02
2.343797299985250771e-01
