1.040351517263160774e+00
7.562486312693253998e-01
1.447083535773938390e-01
-3.397197666477476119e+00
-3.726397865557848910e+00
1.707404354871453256e+00
-2.853807131607835057e-01
-8.925620184199560470e+01
-2.350974467603372114e-02
4.042351173022046829e-01
-6.747717021139126858e-01
1.244163767739881327e-01
1.132670558171202213e+00
2.430803769337908093e+00
-1.453283681908656533e+00
-3.334730860736821256e+01
1.045658571758442346e+00
8.514742034123889969e-01
-7.372073410529971227e-01
9.396538292044324947e-02
