3.500157987121147452e-01
9.489151687570802629e-01
1.990417756627150744e-02
-8.673558361772770731e-01
2.633877053836146120e-01
-9.632317490301023355e-01
1.519743978401446281e-02
-6.898719113123017443e-01
-5.266620335006416687e-01
3.457919620594820248e-02
3.817322095838861229e-02
-5.470660406913503415e-01
4.534283645814446428e-02
2.719207184356832729e-01
-6.112842422841193724e-01
-7.748388208092622520e-01
9.431497998025825114e-01
2.499752719190865835e-01
2.358684315356594438e-02
2.470922841237968895e-04
