-1.488963330405256857e-01
-2.738016287679069460e+00
6.636195403446644436e-02
-2.200627008332287193e+00
-5.667801119492510864e+00
-3.600427724189258161e+00
6.570911291807489396e-02
3.265693462551862325e+00
-4.580701455374313058e-01
5.913162648171367552e-02
-3.483854682505971301e-01
-4.246398423792924759e-01
-3.932622108425782859e-01
-1.221064389518018434e+00
-8.927246534251604970e-01
-4.299923963911278513e+00
-2.124084846780403546e-01
-1.196391710896041460e-01
6.560027794568086545e-02
-1.671246493969045718e-02
