-2.600069904903516971e-01
1.445101760591843743e+01
9.671996706434532465e-02
-3.228304286816225055e+00
1.473036457075272843e+01
6.188373975633430746e+01
9.267872320797480856e-02
-1.389217510180893633e+01
-8.473784665419883400e-01
9.277685910331440189e-02
-6.030429825339733707e-02
-7.828391320646348461e-01
-4.395409769541355760e-02
2.975223553175261881e-01
-1.650299296687740114e+00
-1.211685313789856622e+01
-3.780815655195597369e-01
-2.063196220113436563e-01
9.769594910633350171e-02
-1.564177865509897014e-02
