-4.477026562894588224e-01
1.631995260319853003e+01
-5.846873925812422212e-02
-3.000710678552580113e+00
1.699488073799455989e+01
-2.758320736568882126e+02
-4.484912854537374816e-02
-2.613928826926846583e+01
-8.400258501850518256e-01
-1.000942847025157179e-01
-1.079190607893598941e-01
-7.973800157505724906e-01
-1.266664752724541987e-01
-4.861268477491764717e-01
-1.421705341051006322e+00
-2.125487169747293592e+01
-5.300858208585426112e-01
-4.084506557687171413e-01
-6.903795039913834808e-02
-7.410316196050630716e-04
