1.269365644158174655e-01
8.660724361873693988e-01
-1.924459385998809891e-01
-9.579147022490883678e-01
7.435470830326713909e-02
-1.123490568933258466e-01
-1.830823056870559962e-01
4.088592605762369353e-02
5.858099485386542710e-02
-1.926834104851677110e-01
2.486163021928229633e-01
9.073202333895720451e-02
2.463820879416450949e-01
-6.564956184664251515e-02
-5.162063161060203020e-01
4.402186035238033757e-01
1.635097259571273720e-01
9.918327165506318766e-02
-1.958697563427955479e-01
3.156865110505818056e-02
