1.757010798763974924e-01
-6.330039362711130657e-01
-5.962566187634267545e-02
-9.779509632625494886e-01
9.873938889846504141e-01
9.385524671824844178e-01
-1.030396407033597195e-02
1.990753920128576215e-01
-4.763855532212678268e-02
2.043789468193367084e-02
2.120187463395900584e-01
-6.221876067974701704e-03
2.012555894496678710e-01
6.434250013454954065e-01
-5.826051769264213309e-01
9.068591036875379707e-01
1.769322551997642434e-01
1.592498707859542340e-01
-6.030655495771994334e-02
8.122887154120912723e-03
