-5.572583936301597762e-02
2.393419065471598106e+00
-2.509657049481126435e-03
-3.734867747804031524e-01
2.365760961685350328e+00
1.546587188809402491e+00
-1.692361136210755648e-03
-1.078023060300131286e+00
-1.328516012681704994e-01
-5.607700044964426464e-03
9.138831073473864183e-03
-1.247340480680926011e-01
1.201563983715512283e-02
1.758091087143002496e-01
-2.250600043913560666e-01
-9.754550095814616961e-01
-7.165916920671826229e-02
-4.846739577487688827e-02
-3.214736242596735391e-03
3.946567013763887478e-06
