6.943782141143352293e-02
1.016803689024603763e+01
1.262592204359297941e-02
3.692204268660914668e-01
1.061517217376295008e+01
1.769387574120565176e+01
2.045909285577347803e-02
-1.530747164310471142e-01
1.730647662865664738e-01
2.124239197211180968e-03
7.839433882708007895e-01
1.626378181986583293e-01
8.692609986786634657e-01
2.748823317463402471e+00
2.849040557394625917e-01
4.154902338056948308e-01
9.214557652510646513e-02
5.869252367987407709e-02
8.444668718459474865e-03
1.830145714484868735e-01
