1.836164254657640660e-02
-9.997058412768498048e-01
4.123949182273053959e-01
-1.953882301868900662e+00
-1.172119637313510321e+00
6.629992461371245760e-01
3.230046989994224127e-01
-1.672766874348366573e+00
-1.183262431215198474e+00
7.887089188316819266e-01
-8.230351175546255504e-01
-1.121476680623612499e+00
-8.827739670313117237e-01
6.260047213972919522e+00
-1.711038390063307935e+00
-1.593292641297939571e+00
-4.157684327394502444e-01
2.724912995410382344e-01
4.992616824995685931e-01
9.328074634682660404e-01
