-3.565809817145885185e-01
-7.917856386408037572e+00
-3.164155596483428368e-02
-1.689533901272888716e+00
-1.908134658130760997e+01
2.773222713477341284e+00
-2.438278856784867332e-02
-1.525161408654836626e+00
-7.821508848949279002e-01
-5.498346996483122195e-02
-1.425225718332777114e-01
-7.397810655284873249e-01
-1.760036518818718920e-01
3.388555412602052286e-01
-1.213663415604727902e+00
-1.655040906397437617e+00
-4.482713810944641275e-01
-3.143060120655480905e-01
-3.737879513410399812e-02
-5.170759117250622872e-04
