4.233237936209447577e-03
-9.480783891593915769e+00
8.462792928267022508e-03
4.341306723667880813e-02
-1.814136756897950065e+01
7.258033717911494875e+01
7.770922848220542835e-03
6.585849822522398256e-01
4.484918740300790352e-03
9.101640184020020827e-03
2.459355178028713174e-01
4.241577532396008203e-03
3.200605677674224769e-01
4.236263281334015751e+00
1.096243696030639418e-02
5.599383495770525743e-01
3.839803875468882858e-03
4.537508503787652213e-03
8.791853240217313570e-03
4.630964697097889396e-04
