6.650800675086356861e-01
1.494637154926117262e+00
4.774214693424324585e-01
-2.535399063998763136e+00
-1.071055213631781911e+00
7.788599661194228752e+00
4.967433603083935001e-01
-6.174444409058662764e+00
2.093002314618530590e-02
4.152686010150766771e-01
1.073215472281129623e-01
1.031966025961451594e-01
9.213568388239737339e-02
-1.011663893056787167e+00
-1.397337638853012098e+00
-5.408283035688521423e+00
6.381120785149765329e-01
6.293275590844181755e-01
4.616547234637476405e-01
4.820397703158002534e-01
