-1.149823719966658331e-01
3.747345048652346300e+00
7.878096867775333800e-01
-2.848575544013876026e+00
4.778376541572068703e+00
1.353711236020950004e+00
7.731773612361585446e-01
-4.886663571825140551e+00
-1.097150561247655975e+00
7.763548982300291224e-01
7.715669001774629887e-01
-1.010187503228853867e+00
4.074762299670326993e-01
8.736603424451658828e-01
-1.919751855626317560e+00
-4.705055222369653123e+00
-3.524024641255512069e-01
1.359264570342966216e-03
7.915091563148575204e-01
3.067532113951052519e-01
