-3.284466042390676854e-02
1.409208977615706715e+01
-1.610710408305665586e-01
2.977291451169060688e-01
8.176017876390316630e+00
3.553688588200445508e+01
-1.502318797506433379e-01
3.631956591688801916e-01
6.700159238577441112e-02
-1.751630735439077269e-01
7.539964398656291422e-01
4.938309375446908733e-02
7.356399973753933175e-01
3.044655638406787990e+00
2.302503809373880328e-01
3.610150472120984277e-01
4.138663933328390332e-02
-8.491023639227041064e-02
-1.465533704921706537e-01
3.321117475825902804e-02
