-1.610984905965856528e-01
-2.170914727426132629e+01
-3.018673512455898322e-01
-1.707207065489733777e+00
-2.948923775053917495e+01
-5.144158659883499496e+01
-3.629584860293410542e-01
-4.221020942190592429e+00
-5.260928019415052059e-01
-1.820513019471807770e-01
-2.088602387534459037e+00
-4.857044149669042521e-01
-2.097953648399710325e+00
2.784610843856185625e+00
-9.879649799170218127e-01
-3.943166789720620624e+00
-2.303035852458226174e-01
-1.323976822584822521e-01
-2.636590439791343110e-01
-1.104115820320946906e+00
