-1.133918859610674401e+00
-8.027315684904959170e+00
-9.276671095189377159e-01
-1.520518565733758987e+00
-1.614473496211381587e+01
-8.205221929530321034e+00
-1.353448209914707823e+00
-3.032080463821719807e+00
2.969300272739406665e+00
7.007627966074037040e-01
2.743328540602885113e-01
3.154530069123154146e+00
7.173737616563330421e-01
-8.500201676259653283e-01
-1.512254043729612807e+00
-1.837320622254283720e+00
6.149877549973334911e-01
-1.750362294093194659e+00
-5.118034205298002126e-01
9.702380197537715523e-01
