-1.298327431123282028e-01
-4.938800480454805353e+00
1.699916802401807425e-01
-3.845954512612461129e-01
2.410769766907812084e+00
-6.423963418381229928e+01
2.137733261180814470e-01
-2.536705387715305626e-01
-3.616708324899789440e-01
6.112640504743803438e-02
4.937805167365474923e-01
-3.542700173584882872e-01
4.151367384386585035e-01
6.075092585899073327e+01
-3.960782600511126850e-01
-2.695329363652279597e-01
-2.471855042627758292e-01
7.331575135463394566e-02
1.393840113066057707e-01
5.302490352157612774e-01
