-2.738480339352653697e-02
-1.040459543848011492e+01
-2.219716375007989573e-01
-4.289155289956724793e-01
-4.122920713781972779e+00
-6.990745139077695569e+01
-1.153521384972091002e-01
4.712045299409848287e-01
3.741050915486567874e+00
-4.954168185272970204e-01
4.404621877502160610e-01
2.328511909998244978e+00
4.051116047543285026e-01
-3.278953810353582576e-02
-1.343208205988145609e+00
4.036697017118734965e-01
1.902367829120604759e-01
-1.136196244435455499e-01
-3.179872389394115539e-01
4.654217002310050838e-02
