8.868627634015170680e-02
-8.503296995527378499e+00
5.175863492098910223e-02
-7.812499584763006599e-02
-5.197554756485564198e+00
-1.213763704114013464e+01
3.556199406850980849e-02
-9.721122112754240763e-02
1.067092505843086903e-02
8.836959862961656087e-02
1.354660643937145137e+00
1.701865037595541585e-02
1.617290903387227807e+00
7.417582797819318507e+00
-4.043759643962615419e-02
-9.849414219933207149e-02
6.926408044113635532e-02
9.781599180114868008e-02
6.279621852281370986e-02
2.177169846178936274e-02
