-1.100304449317175866e-02
-6.567359365900823320e+01
2.773135861766080185e-04
5.161834440638306959e-02
-5.351162132080119704e+01
1.130956660739129120e+03
3.341037831958569462e-04
1.385758788409998110e-01
-4.185921911036060393e-03
-3.614126092954020840e-04
-1.568039551245064764e-02
-5.620279492692463810e-03
-1.992321228645846376e-02
5.276814939795640980e-01
1.649468292706893560e-02
1.316506467752718013e-01
-1.125989921205696950e-02
-1.044558817167392725e-02
1.779411522419760612e-04
-4.387365949445119791e-06
