-3.196813814388946989e-02
-9.587770060529280158e+00
9.330375522537079358e-02
-3.839710725370921313e-02
-6.659498321457610892e+00
-5.035060678376662224e+01
7.881545539867182426e-02
-1.132756133158119738e+01
-2.936937371852598733e-01
1.216354781918254496e-01
5.308402952090113258e-01
-2.733108935079466839e-01
6.396064790342620432e-01
2.810375167045496170e+00
-4.029651282149472324e-01
-1.457296165448613223e+01
-9.777115797772395478e-02
-6.538041751793246224e-04
1.025776957217073987e-01
2.347628882364438067e-03
