2.652300125627473498e-02
7.979609157747074022e+00
1.705657886000107037e-01
-2.712477769993275167e+00
9.109629452216195133e+00
-3.059203002140414185e+01
1.550940583023786568e-01
-8.486706526142803853e+00
-5.325588763493599442e-01
1.995727520134614463e-01
-3.449733850877979568e-01
-4.675628144045780310e-01
-3.758803896069269346e-01
-4.850715500617440723e-01
-1.327832197397981639e+00
-7.776749688939331051e+00
-7.546589596099140262e-02
6.930813241464534036e-02
1.801455409259832552e-01
-2.467550092521068883e-02
