-4.784601713627490427e-01
-2.379367654901625784e+01
-1.407840444107786304e-01
-1.546952281986627487e+00
-2.399830615757704422e+01
9.356064120516097091e+02
-1.229020184038816105e-01
-3.170484464502223987e-01
-7.847556359199536757e-01
-1.867499700798671836e-01
2.052164720924926355e-01
-7.518702759045680084e-01
2.298149842988947145e-01
1.838563530520759270e+00
-1.170183020214148772e+00
-7.140517584790153638e-01
-5.432668458201258543e-01
-4.473397463124405005e-01
-1.534356230841516511e-01
1.571660187473604420e-02
