-4.920750509792695127e-01
2.876870660192789142e+00
-2.191970946292311484e-01
2.164522988935959624e+00
-1.180278044902513379e+01
6.416521717812935321e+01
-2.104456472283800506e-01
7.289001134771172730e+00
-1.286449407009613966e+00
-2.380806713560143506e-01
4.834361167089348821e-01
-1.193718313603968628e+00
5.569429884815109144e-01
1.100389444012347395e+00
-1.533025861909397047e+00
7.201741760329168685e+00
-6.102386510264490305e-01
-4.499784899801539395e-01
-2.243929757572389327e-01
4.868177614998155794e-02
