-6.432118626401864270e-02
-6.194566394297210898e+00
4.034112782108355277e-02
-4.262972700753663302e-01
-2.715108407749757813e+00
-3.899387752121407402e+01
3.209575158906535775e-02
1.123293892636581415e+00
-2.864118043667627789e-01
5.690116168150523290e-02
4.590636033660139836e-01
-2.675433650673483266e-01
5.526906489746793438e-01
3.235663619698624593e+00
-4.275968584105743209e-01
8.422973334881226348e-01
-1.172994823816587984e-01
-3.959995136534574800e-02
4.571615706827308195e-02
5.684574626358820243e-03
