-7.435829450767517113e-01
2.286342246503177744e+00
-9.177656531167377452e-01
-4.218426842746921257e-01
1.806164881962434965e+00
2.115830416447874729e+00
-8.552544437151665679e-01
-1.028377210142481513e+00
4.101915963988128078e-01
-1.061737209579515007e+00
-7.087467299847162172e-01
3.628732079726043613e-01
-7.451902216796600920e-01
-1.071778413016164277e+00
7.715533815213937441e-02
-6.576972670179890290e-01
-4.277562172152492015e-01
-8.743184854349032031e-01
-9.607251920755723873e-01
-5.261484683805852658e-01
