-8.931004611318893449e-01
2.311139221062473048e+00
-4.502434297976320443e-01
-1.140896027719094930e-01
2.384183724917266378e+00
1.268190401262290878e+00
-3.754457551701608220e-01
2.207212092919286217e-02
-5.895078245420299901e-01
-6.308662940618494641e-01
-7.434584715974548175e-01
-6.189991145533043637e-01
-8.763879030753018995e-01
-1.918504527247112401e+00
-3.296073358720150726e-01
2.719944196909074297e-02
-8.320897239269724466e-01
-9.162577480319842316e-01
-5.023478427697067872e-01
9.846531787855293538e-03
