-1.102598602725931992e-01
-2.795542281911565041e+01
-1.240155936416552085e-01
-7.317643788963754115e-02
-2.864488302999806990e+01
4.188859333757604020e+01
-1.218533828062035029e-01
6.165761582877457569e-02
-1.249573829564588207e-01
-1.215703296787957466e-01
4.246653365390855028e-01
-1.245472402120001709e-01
4.021060926491127341e-01
-2.649194128148350202e+00
-1.150383750877885941e-01
5.230868104155809301e-02
-1.150141535622119654e-01
-1.081280024480029273e-01
-1.242607388389768419e-01
3.363147526199708470e-02
