-5.725132350598660658e-01
8.339445784345322465e+00
-6.984604442363129273e-02
-1.273047909960177027e+00
5.894224807446573955e+00
1.233322157936439467e+01
-1.246979410849911873e-01
-8.545221752770721935e-01
7.584016741979832110e-01
1.257956583390539285e-01
1.291396025748900334e+00
4.868029149179695647e-01
1.387467156285877357e+00
1.619928096774396309e+00
-5.966556421860991222e-01
-4.386402008761383087e-01
-1.224274867278518641e-01
-3.737504236910284550e-01
-2.241200259628961522e-02
7.695206072773967676e-02
