-1.934002007940494705e+00
1.619577033057082671e+00
-1.396608310566488098e-01
-6.443119804855165222e-01
1.971902299524401325e+00
1.005020365401492199e+00
-1.338038039715010452e-01
-9.786594160139665544e-01
-9.514287280615486564e-01
-1.865020581692893864e-01
2.294669698135770597e-01
-1.060205792744415509e+00
2.462603157824797828e-01
4.316741400025345676e-01
-5.964633067119214926e-01
-9.582044537255164363e-01
-2.971866810464692144e+00
-1.277837037767735051e+00
-1.569259623235486345e-01
1.572072433811688708e-02
