4.440820155497945737e-04
-8.077620997801183478e+00
-3.556301344795505968e-09
2.324184117492430701e+00
-1.221296119544434333e+01
5.660395841241735297e+02
-7.754648202023133791e-10
5.821074429589182131e+01
3.070366178562945053e-02
-7.187215892526726677e-08
-2.890176606813754962e-07
2.307120831295208369e-02
-7.780844945128557779e-07
-6.435450433088388614e-03
3.054677182671043933e-01
4.612642510861934397e+01
1.646699512742831216e-03
2.031617192365959689e-04
-9.137054992822516127e-09
-2.248509029416326710e-20
