-4.002604971527010669e-01
9.682730628151394736e-01
9.025370843930780040e-01
4.978170692540850872e-01
9.781008117250522549e-01
8.685513336490688907e-01
9.094084673707574229e-01
8.037552578563391670e-01
6.259278187168473839e-02
-3.285642905728373697e-01
-5.582838477076202954e-01
-7.966467459917866978e-02
-8.206301065711972820e-01
3.016580185012984749e-01
4.979845985720355271e-03
7.637546935574287543e-01
-1.495313281584549903e-01
-4.997149016345792671e-01
5.912155835347880917e-01
-9.940773042433130868e-01
