-4.428304231106350297e-02
7.613258312756364887e+00
-5.119919995853687844e-01
3.657345339232306536e+00
-1.781248776135351264e+00
2.446564812509274844e+01
-6.510326262801694464e-01
2.008526364602888847e+01
-1.217615554758100016e+00
-2.133500783698462633e-01
-1.026184145402894599e+00
-1.044963840090977536e+00
-5.518759524610171718e-01
9.815535249209569102e+00
-2.405267054748175592e+00
1.906510700621848642e+01
-2.179128857489512627e-01
2.799081569123226115e-02
-4.211706464862653987e-01
-1.919610724940683522e+00
