-6.834506175331120925e-01
-3.748788488819204190e+01
-2.939988841791149055e-01
-1.874833674497864866e+00
-4.028084020483731109e+01
4.335207306322874956e+02
-2.339899150232732650e-01
1.645655353846876334e+00
-1.204932606219578872e+00
-3.628986085523573379e-01
4.276722664851385636e-01
-1.153663289274928339e+00
4.486297791127549228e-01
1.790780708504433383e+00
-1.655834174134738213e+00
9.212430224607462970e-01
-7.893146793028533725e-01
-6.410732553438169834e-01
-3.149334616929373443e-01
3.139740654163857697e-02
