-2.409663658443572665e-01
5.811859161140354724e-01
8.398000826599369417e-02
1.185718851346710512e+00
-7.547150307975956984e+00
3.290253135027367648e+02
6.814072845191776473e-02
9.768924867440601645e+01
-1.516550764159753983e+00
1.208948863304428051e-01
2.703848830464730679e-01
-1.386093899260591789e+00
3.213768802379842193e-01
1.351119452456339465e+00
-2.314368945742209416e+00
7.893221247881461977e+01
-4.852039033600716311e-01
-1.414884994434759680e-01
9.496522662532397296e-02
1.520145269923445014e-03
