-3.808953384466939873e-01
1.996551567892208556e+00
-1.395881353342836584e-01
-6.548219880644388091e-01
1.823033163681076818e+00
5.923623245624743738e+00
-1.222722017569133207e-01
-7.975907078135843209e-01
-4.965774008840111442e-01
-1.826543209747508167e-01
1.898943145168624225e-01
-4.874179359612776929e-01
2.059475075051300230e-01
4.426086221904064200e-01
-5.763268243310636363e-01
-7.861653886203801012e-01
-4.118728833903823050e-01
-3.646337786600788444e-01
-1.516683860771457781e-01
1.571656940005278572e-02
