-1.866034821466411753e+00
-2.332818218539451927e+00
-2.610895122147748992e+00
-3.115311832559890970e+00
-3.599371467760383858e+00
3.999945131294932565e+00
-2.373262817178889428e+00
-3.986546828024335465e+00
-1.264446386919075294e-01
1.379247169107581827e+00
-1.007603643860218279e+00
-6.479700278443190076e-02
-4.480577292475471651e+00
-1.669322342194496711e+00
-1.774477495855243392e+00
-3.948031712573313534e+00
-1.213395807634642276e+00
-2.137920528756775518e+00
2.793397880173463244e-01
5.235132006440064600e+00
