-1.058394153889451905e+00
1.087325395164481989e+01
-5.823118510209975701e-02
7.473639397874071166e-02
1.342532343393797944e+01
1.903518692676881896e+00
-6.338555104883668301e-02
1.989263344891545104e+00
-1.151084600872714025e+00
-1.029715428825718343e-01
5.086538104389001225e-01
-1.173607893342784925e+00
9.606446647332914646e-01
1.963268064812123903e+00
-7.167536161190878330e-01
1.833287790080767365e+00
-1.152762660737177036e+00
-9.980506018176281691e-01
-1.463475973658430983e-02
2.042271451428726570e-01
