3.768593596283508207e-01
4.178932039871892101e+00
1.087293156880096756e+00
-3.159866713647738301e+00
5.774183526058215499e+00
3.892457490692658784e+00
1.134962615817266318e+00
-7.146989621898262257e+00
-3.160464071527807617e-01
9.584158209388876637e-01
-7.029927712845310817e-01
-2.320022285305808341e-01
-9.805719199432066935e-01
1.973109631822525412e+00
-1.384980015173085111e+00
-6.917640023181725439e+00
2.527782839239091084e-01
4.318553465230993149e-01
1.052142443764804369e+00
1.197022756970674839e+00
