-3.568814859299673792e-01
7.413053489532990703e+00
4.346594306551962439e-01
4.163954501179328638e+00
-2.288219675492383642e-01
4.033879930491926302e+01
3.214249602158704144e-01
6.621797361266153814e+00
-8.342441546668503127e-01
5.613450328717969340e-01
-1.071630450490452802e+00
-8.362901112179406127e-01
-5.752692076559805523e-01
2.061361615949076409e+01
1.833046770413400139e-01
7.446527632926663642e+00
-5.367643565797397542e-01
-2.611286993892967812e-01
4.923788658494833159e-01
-1.367999249255863692e+00
