-3.688712307717944006e-01
4.867113952232257290e+00
-1.391323808614579605e-01
-5.866828399887769052e-01
3.826288086615348583e+00
-1.757797790076352484e+01
-1.219556968017925930e-01
-5.898617905209349033e-01
-4.651634008386959507e-01
-1.815479287346534742e-01
1.886547813279556562e-01
-4.578159861163452748e-01
2.042389240165706499e-01
4.099876278991188561e-01
-5.278413835100219664e-01
-6.102024504269981664e-01
-3.955298956588536585e-01
-3.545594128623051344e-01
-1.510856914305925003e-01
1.571592198162216625e-02
