-2.389295036765317071e-01
-8.737611987541433756e-01
-1.198170263479983039e-01
-5.548465931887901492e-01
8.564771073003542012e-01
-4.787112515130991230e-01
-1.071083840990399300e-01
-4.959606388992706116e-01
-2.865295782393425528e-01
-1.487083535054281869e-01
2.239376341342856624e-01
-2.812876544813021074e-01
2.455275258205264211e-01
5.782419021872428067e-01
-3.624368536928260776e-01
-7.536256428451786338e-01
-2.494180548460691038e-01
-2.334441448825315402e-01
-1.283169322951019375e-01
1.596290153526748815e-02
