-1.531575784612242697e-01
2.343412215193892756e+00
2.468219259382763153e-01
-3.243341591522356238e-01
2.233602385000895030e+00
3.839505315930767715e+00
2.074216277498533434e-01
-1.113275677465469737e+00
1.374488250643479959e-01
-2.136902056336981159e-01
-1.824092716721910645e-01
1.289749632595447171e-01
-3.069658718775580830e-01
1.599961165223152681e-01
6.071931700479094030e-02
-1.117077077798160234e+00
-4.269656061973312045e-02
-2.168859290373012227e-01
1.525877402615066769e-01
2.315946166539693471e-02
