1.203581280981438573e+00
7.651383524622737298e+00
3.132530186260006760e-02
2.536539922811131387e+00
7.362540276110138393e+00
1.163245337877556551e+01
3.914160006153873106e-02
2.574127752674578495e+00
2.615036484154532381e+00
-1.907215612122855480e-02
5.750834745325706931e-01
1.144975720790148213e-02
7.027424920959904897e-01
4.984129784117555140e+00
2.617528270914832866e+00
2.700080406040102687e+00
1.101846616870351792e+00
8.305542283537035164e-01
2.111666120121006782e-02
2.307040106106588578e-03
