-4.536211801773667451e-01
-8.532149412151696311e+00
2.547044195158125746e-01
2.944570867667269276e+00
-2.090224907565952961e+01
3.724134666651041670e+01
2.092857031951322333e-01
3.942623533769841515e+01
-2.011587483061108461e+00
3.537859099664674711e-01
1.109463781987592323e+00
-1.902687670746604498e+00
1.351982820837949628e+00
8.777567682527559256e+00
-2.075233897166086638e+00
3.580328760368885099e+01
-8.504989876593784803e-01
-2.708840031932122083e-01
2.853479502017000624e-01
5.127556504592226637e-03
