-6.018100933806816322e+00
6.699546598848322709e-01
1.609288556696251427e-01
-6.970779329948921799e-01
-6.770822809690655308e-01
1.655248680778272030e+00
-4.749760002245602131e-01
-7.623465456659781481e-01
-8.373507288754620248e-01
9.917757201816336521e-02
-1.408095162010719326e-01
-8.662199963598257169e-01
-1.292762809817644409e-01
-2.798008164485809024e-01
-7.171232487190404292e-01
-7.531106895952983660e-01
-1.696128376957786177e+00
7.872271149957943415e+00
1.102642773630946593e-01
-9.085599847858807226e-03
