-3.145274687779329170e-01
-2.160585040049839733e+01
2.318204870905587744e-01
3.348007230131769818e-01
-2.040620560147008078e+01
1.142578521974487131e+02
2.192860133312222182e-01
4.142509271524804859e+00
-6.349268051845438077e-01
2.325285709459403438e-01
2.440737305616400565e-01
-6.265443729488968660e-01
4.037929271765622330e-01
8.045896471150395968e+00
-4.670177841387911921e-01
3.736072002089319000e+00
-4.317841336075074476e-01
-2.501906732564022073e-01
2.365517417941296330e-01
-3.315454518484230867e-02
