1.472885031640451281e+01
2.851905598500992411e+01
2.202851201885342169e-01
-1.107300128555742391e-02
-7.613395824639182519e-02
-9.133289871465848364e+00
3.063529340664027378e-01
-8.119863868628460324e+00
-3.305500811669228600e-01
1.147215815915741538e-01
7.961153041168618216e-01
-9.016146207638233712e-01
5.126529060675112381e-01
-1.575411727821925123e-01
-9.254609096478432217e-01
1.216618780846953962e+00
-2.439374828590241406e-01
-3.245784764398416677e-01
2.913553821777643549e-01
2.668290954942287851e-01
