-3.709953717912336524e-01
-9.823230144952370679e-01
-1.391374994049222047e-01
-6.061049744872651912e-01
9.998601793906282120e-01
8.417367833839715097e-01
-1.219578380033499859e-01
-7.195610317043489301e-01
-4.721222956397383985e-01
-1.815768905554725754e-01
1.887578472420984310e-01
-4.642710428864031957e-01
2.044255554388227369e-01
4.499008595195265192e-01
-5.400159730143782033e-01
-7.111103000699504628e-01
-3.986222942517810841e-01
-3.562663101839591562e-01
-1.510944839168911757e-01
1.571592198347378580e-02
