-4.337826177160464813e-01
-9.286757473173206989e+00
-5.205948262693401718e-01
-1.208087279809430675e-01
-4.599080212761357700e+00
-2.799847540933324908e+01
-4.870113540923968198e-01
-2.470451148596559121e-01
-2.634737016436849988e-01
-5.726941678535881763e-01
1.853325359350084911e+00
-2.760729589110531568e-01
2.077764031494158115e+00
5.911720100140107625e+00
-1.696703247917738522e-01
-2.218273093811719554e-01
-3.872829295550399564e-01
-4.575505965851796586e-01
-5.395697900654496948e-01
9.878981660635879902e-02
