-4.135495271200092526e-01
3.232959535837495402e+00
-1.385954075617869541e-01
-3.004241869540632326e+00
4.653613594947287879e+00
2.727577418812907606e+00
-1.216430409878759972e-01
-4.009352093925887317e+00
-8.601365870339686692e-01
-1.801194504813067587e-01
2.015938604637070586e-01
-8.018294893591577654e-01
2.235095064816898514e-01
1.770226615345047660e+00
-1.649143416699488496e+00
-4.261161671982294230e+00
-4.857161085690024360e-01
-3.836001033647947756e-01
-1.503451095646716751e-01
1.571682611656346346e-02
