-9.095001784152146884e-01
2.502694381977577986e+00
-2.463390091922265102e-01
-2.361955764915603329e+00
1.867784353422845767e+00
2.649716697524207465e+00
-2.131726736735738703e-01
-4.737667670706723344e-01
-8.157748252266513456e-01
-4.171903889844734703e-01
3.640334497149039228e-01
-8.291734724155300773e-01
3.372247724058878848e-01
7.130185324841785688e-01
-7.214247138911972224e-01
-3.150994488634222268e-01
-9.157938054964561703e-01
-8.864753995094859507e-01
-3.676212449521612524e-01
3.229852107022720270e-02
