-6.888467744732286180e-01
2.166311763995406370e+00
-4.150430460873074101e-01
-1.267540432923192628e-01
2.014077141958440009e+00
2.492754832277316535e+00
-3.484739296499183570e-01
-1.418396467402287253e-02
-3.762014336299890349e-01
-5.998777997117666905e-01
-1.352392879292503292e-01
-3.968466377289810998e-01
-1.460217757377264280e-01
2.752540931750994679e-01
-2.285744155707501446e-01
-2.012058897200356272e-02
-5.971646439162735520e-01
-7.356124567448435458e-01
-4.651104717009867384e-01
-8.529142257680588646e-02
