-2.620009224549839089e-01
-1.156838185862369173e+01
-1.388058406358817498e-01
9.690518299675225655e-02
-7.616515683729949693e+00
-3.496534316902513950e+01
-1.218321568652886572e-01
4.577952893775078635e+00
2.840690942212819037e-01
-1.798637841053804254e-01
1.872270080728724029e-01
1.573541969634933979e-01
2.010270737824214615e-01
6.231536300122240135e-01
-1.390159277272355443e+00
3.935323614427400418e+00
-2.225458915349446121e-01
-2.720364863018201462e-01
-1.505272406516631745e-01
1.571662214302230187e-02
