1.832004164556393366e-01
8.432253549127777248e+00
2.481906885286437880e-01
3.203573408938735767e-01
1.166428756810461564e+01
1.153957039671587559e+01
2.913773530783505539e-01
-2.046871013797555428e-01
3.722033696072259978e-01
1.547185117128409004e-01
6.531772383193941156e-01
3.606476437519372524e-01
7.572780843360926717e-01
-3.375727430302811527e+00
4.146901429311249387e-01
-1.521477904102606082e-01
2.375684873647723183e-01
1.565171719926385929e-01
2.195292593711490881e-01
5.493667755626309157e-01
