-3.322554669566040730e-01
3.092608426013975453e+00
-1.369326492080970570e-01
-4.640383835049143313e-01
1.867780129874228034e+00
1.486446036457586217e+01
-1.204673704517714994e-01
-5.102882998222926236e-01
-3.967579387705631455e-01
-1.767280992130424444e-01
1.832608481177474546e-01
-3.922201366378035292e-01
1.974368599660983881e-01
3.611372140587369439e-01
-4.330455706264756954e-01
-5.068414928657338780e-01
-3.512116922085388726e-01
-3.217322595641625149e-01
-1.482789048367502971e-01
1.571268808798282832e-02
