9.594462235260604877e-02
-1.044027419479887975e+00
-6.180392019055692687e-01
3.100555229087483423e-03
1.993261628550339948e+00
-1.165898948966401463e+02
-4.804404651446156360e-01
4.725671983019480993e-01
1.226033355192580020e-02
-1.558483028872704956e+00
6.240645996022482489e-01
1.509280331020785258e-02
6.877028526298045730e-01
2.024349892938046125e+00
-8.354399149804263812e-04
3.566585010113451082e-01
5.950353726239470536e-02
1.224467068238138806e-01
-7.529565866495174786e-01
4.694802742105845528e-02
