-2.409683672221567818e-01
1.792718208424413318e+00
8.624453305325205030e-03
-3.440729100177118971e-01
1.807044906928043648e+00
1.933079176088280615e+00
-1.953900426495829012e-02
-2.246481559392144722e-01
-5.715919167277352941e-02
-9.396871223476970236e-01
-6.812787545792563237e-02
-3.827715336568129206e-02
-4.611029046335416992e-01
-1.054624211178067261e+00
-2.441686947257651896e-01
-2.434586612148512130e-01
-6.805702144352124283e-02
-3.724248261993953757e-01
-8.943063138567788894e-02
4.731013636496357866e-01
