-7.904564624269624362e-01
1.129814907548022163e+00
-1.415416363491246166e-01
-7.555164702804648691e+00
-5.929479358741790440e-01
-1.117691106641020005e+00
-8.876347317524856118e-02
-8.457408298653939482e+01
-8.387161415944373033e-01
-1.341242327427856762e-01
1.696438161076323503e-01
-8.492035830664790286e-01
1.100106803403387984e-01
8.961645184255909724e-01
-2.029568922167630962e+00
-3.463735590895514971e+00
-8.712188963454309265e-01
-7.529946726404062041e-01
-2.094108691200684547e-01
1.792619532700873847e-02
