-1.095098803957841982e+00
-1.192330954402165766e+01
-4.187222187337111823e-01
-3.111532516255159919e-01
-7.870202053332880254e+00
-3.486520168692720034e+01
-3.667669619558323602e-01
5.258550059473842353e+00
-1.223805912716249278e+00
-5.474601559495392289e-01
5.690862037583906963e-01
-1.225767187543939762e+00
6.165469523217794734e-01
1.181912788936609893e+00
-1.038145309139953287e+00
4.416641514433137239e+00
-1.155022087817268339e+00
-1.058879034975131361e+00
-4.549395193527899783e-01
4.714970699241909091e-02
