-3.465996506254395704e-01
-9.232894541068727534e+00
3.985767174255900880e-01
1.479563981008639839e+00
-8.693853267150686293e+00
-2.512855640577215510e+01
1.537866625120663626e-02
-1.287026810970778978e+00
9.773532670256959154e-01
-6.001230294717496694e-01
3.471680070292452180e-01
1.063051903038862989e+00
6.059656872552773299e-01
3.366799087780869115e+00
-6.553907777154246439e-01
-1.452077733088488420e+00
-1.013988112092819027e-01
-4.035914273057477075e-01
-5.469446605485871471e-01
-7.416141499606691001e-01
