-1.190477757695830308e+00
5.077497031905365610e+00
3.041478303080691337e-02
-5.870026549912941150e-01
5.386970397585661985e+00
1.000879643958828957e+01
4.430688489920860118e-02
2.824828079345864662e-02
-1.092398881841791347e+00
-7.998882635318393941e-03
-5.297956109689414550e-01
-1.119992827071262242e+00
-5.433780137545720645e-01
-1.010753096048321353e+01
-8.364397985578211348e-01
5.641454598680706312e-03
-1.235691472149566206e+00
-1.144505319883979855e+00
1.895582063243644866e-02
-2.514788697412412288e-02
