-5.289222365875100723e-02
4.453085293042947090e-01
6.062657397552365969e-04
-2.242378175682436581e+00
5.251578012985916644e+00
6.154793216589561666e+01
3.395901116688777779e-04
-1.098656632173341308e+01
-5.117576446985487859e-01
1.803946191718115840e-03
-7.197338873745550043e-03
-4.486849417694999120e-01
-1.102169862233284142e-02
-3.937680227635628749e-01
-1.150015619909295461e+00
-1.042967233143879291e+01
-1.133515831708422072e-01
-3.266524387857783207e-02
8.618856043360731065e-04
-1.924746447631937522e-08
