1.439728039005534754e-01
-1.209594854051224289e+01
-2.025925768368667113e-01
-2.424399422334067022e-01
-8.251346322496592833e+00
-2.981755442461891192e+01
-2.280847493849095797e-01
3.353555773662896811e-01
2.753413550254054876e+00
-1.778906076109085244e-01
9.356095142847713486e-01
2.048921842939033677e+00
1.010289782662053604e+00
1.635272182100866223e+00
-1.568523745252164314e+00
3.320207352743004270e-01
3.751920662549134144e-01
5.336435152838125973e-02
-1.865987590226745874e-01
4.996317646666291468e-02
