-7.760420483239049982e-01
2.426587884105738002e+00
-4.900123848412396566e-01
-1.981651729401415984e+00
1.784847304654247679e+00
5.652892003423479750e-01
-5.308099580437468656e-01
-3.118397753900818525e+00
-1.299166923989573341e+00
-4.015687974205403576e-01
-1.134070208694184734e+00
-1.289025660109110349e+00
-1.149065877380365697e+00
-1.467337698716609573e+00
-1.591671448502271158e+00
-3.018071629325203453e+00
-9.679180542714220792e-01
-6.803026406888739164e-01
-4.629379275382424219e-01
-8.625133218476916941e-01
