-3.798141251541055641e-01
9.513598089949639736e-01
-1.392208666667135442e-01
-7.249421010876729854e-01
4.797456333050106880e-01
4.743487616430757670e-01
-1.220021887058803239e-01
-9.743402911479135398e-01
-5.022168349057893888e-01
-1.818723074509145110e-01
1.893384878376364600e-01
-4.918180071426503930e-01
2.052929909964569810e-01
4.699309065898258364e-01
-6.023199714579891006e-01
-9.608689165281728561e-01
-4.112223377413709580e-01
-3.634963466661627063e-01
-1.512180060476185361e-01
1.571592394590111061e-02
