-6.246560499856425031e-01
1.346496977580090082e+01
-2.463165967539569234e-01
3.446493154989194618e+00
1.625066016507426525e+01
1.352301534869794963e+01
-2.701214659978795618e-01
-6.086697052454291601e+00
9.226615998682725639e-01
1.763151495628992649e+00
2.512191617815649813e+00
7.257953202453699681e-01
1.877547909838898965e+00
3.636106016171330335e+00
-5.914498867496151974e-02
-8.298840424936377858e+00
-4.397038625948135326e-01
-1.063793402092901852e+00
-2.051168707475952424e-01
6.606645592409329804e-02
