-6.157574866548246595e-01
-1.830660502145928348e+01
-2.151280394358946468e-01
6.896097603851630842e-02
-2.114159003525661973e+01
3.559787240441900735e+01
-1.909196266080194770e-01
3.705462460643683897e+00
-6.531442851058345545e-01
-2.801541392797642360e-01
9.795878718687327513e-01
-6.593555573800243819e-01
1.154288102696017670e+00
4.954798356269956905e+00
-4.800584080370625673e-01
3.208177554732893011e+00
-6.459581497594271138e-01
-5.956511059326290436e-01
-2.324326495965069461e-01
3.330245527265043859e-02
