-6.816556036544415553e-01
1.927980738430412178e+00
4.259548588156339410e-02
-5.979703781988470190e-01
1.773498596639635050e+00
2.501410004806207787e+00
3.323077452132687515e-02
-8.465337946372090139e-01
-4.857879609773258500e-01
-3.920940795730524231e-01
-1.433875429074404906e-01
-4.876859370522068082e-01
-5.138337134768209413e-01
4.538220471838224079e-01
-5.147153949541372064e-01
-8.227494301509227226e-01
-5.777628809373278607e-01
-7.650039504009630287e-01
-1.688141209482618699e-02
3.807049827608194326e-02
