-7.816841751106586370e-03
1.579872636518001627e+01
-1.423863830731179336e-01
-1.862578140810352834e-01
1.444579814512568561e+01
1.437256047716957674e+01
1.862582344955564934e-02
-4.331977328169344110e-01
-5.480763408509892881e-02
2.373268824375376548e-02
2.527365747300292509e-01
2.324519354226253498e-01
9.721416618861762338e-01
3.864028112103742085e+00
-1.078488497441054128e-01
8.651384279789774423e-01
9.322550694232079049e-02
-3.090667300841181027e-03
-1.446174181519977453e-01
3.372755728507412232e-02
