-5.096025720298111850e-01
2.394220070618470864e+00
-1.163676348740829425e-01
-9.750465830672205847e-01
2.434958316721345550e+00
1.404961545300044801e+00
-1.583428636110372212e-01
-4.584565524557457361e-01
-1.059178540158988380e+00
-1.583387836916667624e-01
1.992436630699951639e-01
-5.525259168311329461e-01
-7.616613076853628872e-02
-1.827207409736956722e-01
-3.324900853510743826e-01
-2.627887661262048313e-01
-7.871343934307517554e-01
-4.198788192044078382e-01
-1.879346608660756035e-01
1.457434805093722578e-02
