-1.657325656217689402e-01
4.572432736847485968e-01
-7.935396120330928324e-03
-8.560535258108115109e-01
-9.771220759800042233e-01
9.975583255249409476e-01
-5.339383212483079372e-03
-4.832032655296980561e-01
-3.715434271675663869e-01
-1.774223569115001772e-02
2.263282516268672745e-02
-3.508234601416334031e-01
2.914645168866674546e-02
3.126911462848810941e-01
-5.899958086017720316e-01
-6.499214511153585949e-01
-2.099653792299793209e-01
-1.452293233962016206e-01
-1.017351902064521536e-02
1.171038177068841955e-05
