1.740131828448067963e-01
-8.304918066413765843e+00
1.285523609455992144e-01
-1.489824207132302014e+00
-1.945499768408452468e+01
1.130546227754634003e+01
1.169646928567875388e-01
-1.822897197037127270e+00
-2.642961449001915430e-01
1.510559071390596420e-01
2.858612877221012802e-02
-2.015692328458653093e-01
6.246746614906463491e-02
2.415187110231097112e+00
-9.542952552337633509e-01
-2.177768600780494168e+00
1.237717990900148168e-01
1.874608973275841972e-01
1.357096717444939704e-01
-1.512974793672185875e-02
