-8.881078569706934989e-01
-1.173426826499718523e+01
1.117863072424973986e-01
1.764368345735306542e+00
-8.235772206453464861e+00
-2.176940821388561886e+01
1.446040563029279968e-01
2.445109427892572462e+00
-2.232371764226980027e+00
3.781931024282196296e-01
2.071808222701791102e+00
-2.170831631040341492e+00
1.869375649027678499e+00
1.535983840285789714e+00
-1.817058935780396345e+00
4.776572591154071290e+00
-1.321254156512137401e+00
-6.518443689793709250e-01
2.279752945876145354e-01
5.960112342037798827e-01
