5.703673012402372677e-01
1.088383900531111870e+01
-4.117169870635152273e-01
3.771260678772869746e-02
1.063879748681038606e+01
1.117169293955379850e+01
-4.684041024554704835e-01
-1.539144142988825070e+00
6.709232539735568990e-01
-2.437469824730228440e-01
6.459258282490082381e-01
6.783031271098056703e-01
8.362259917695415989e-01
4.463289392902799690e+00
4.788335338974110122e-01
-1.373162743881243042e+00
6.362970857932317426e-01
5.256062710004356653e-01
-3.680424633861149042e-01
-5.547641996010650445e-01
