-4.437698454912606949e-01
4.310183988596983262e+00
6.265933700419918928e-01
-2.577859084347256413e+00
5.290528373607225276e+00
-1.253466781225322713e+01
6.842879202267027061e-01
-2.378198750719236898e+01
-1.125302678083668351e+00
4.716540220571089903e-01
7.624782899614472864e-01
-1.065242183083531247e+00
6.153267383996664508e-01
4.903089941006114394e+00
-1.725541950718187501e+00
-1.164695592385531420e+01
-6.127630009791531496e-01
-3.579792560783152111e-01
5.847168221338194805e-01
1.026081323115230370e+00
