-1.740868876546547650e+00
2.914888376139234349e+00
-1.403723381279900206e-01
-6.587413362223100144e-01
1.393321600146367967e+00
7.021484896374500906e+00
-2.295049875006724693e-01
-7.781554606438951804e-01
-1.069121994115756147e+00
-4.745918457026944703e-01
1.974560666164321132e-01
-1.192024876381753140e+00
2.392976593480155290e-01
4.224383972643276364e-01
-6.071555984593057786e-01
-7.710385087986332264e-01
-2.430900130052195074e+00
-1.292509157299631228e+00
-1.752859789874061380e-01
2.830380484151854767e-02
