-5.640966893974014296e-01
2.191123944541450097e+00
-3.165760557549453930e-02
1.122126930523568600e+00
-9.434609362493067142e-01
6.820253526986617965e-02
-2.107359078891929069e-02
3.966540522669725011e+00
-1.159719626198726150e+00
-7.112834147339537616e-02
8.851133568712886424e-02
-1.104787932297370823e+00
1.176469645208997605e-01
9.329787683645579532e-01
-1.655561613610063709e+00
-1.978567726821098161e+00
-7.018646484229268401e-01
-4.981356174059367037e-01
-4.053821544294260865e-02
4.683630559968663927e-05
