1.128328319167075655e+00
1.036324071084540144e+01
-2.631740647067137284e-01
-1.901459970968367941e+00
7.662725548928874808e+00
1.004118228859464068e+01
-2.520942625106634694e-01
-4.174985787666749104e+00
-2.625684494040784855e+00
-2.514254501394702634e-01
7.043947348906879347e-01
-2.569297450668216687e+00
7.643424632351891734e-01
-9.654783937455072573e-01
-1.599088989244573655e+00
-4.103283893630271351e+00
1.381866679405716614e+00
9.349561391715838221e-01
-2.659327753940229355e-01
4.858869750955432248e-02
