-1.088019236866014428e+00
-1.291333913228273289e+01
-3.864124100321088551e-01
-6.074094245226129285e-01
-9.272871355300134510e+00
-2.630362651534581531e+01
-3.402735956120725436e-01
1.019599000087396817e-01
-1.314351780205624154e+00
-5.026437431360356589e-01
8.337333926500405390e-01
-1.309415319029544778e+00
9.348936314012843418e-01
2.628334821253141218e+00
-1.139239767198266362e+00
5.484205609813008059e-02
-1.172104737236719929e+00
-1.040944332765448843e+00
-4.187633176727565409e-01
4.947499799818453475e-02
