-2.337313645252796224e-01
6.701837517523104859e-01
-1.293388952030006256e-01
-6.514827896568990973e-01
-2.837262906069903945e-01
-9.544133635572137342e-01
-1.140314944565491012e-01
-8.635009333342762439e-01
-5.040963034270682375e-01
-1.667673534591490592e-01
2.379443213978656158e-01
-4.991465879981784037e-01
2.648070451370153622e-01
8.220130570929162772e-01
-5.673497974004919620e-01
-8.443328225421856681e-01
-7.623940295442482862e-01
-2.729366000604300235e-01
-1.399370329098582333e-01
1.591758632974004176e-02
