-5.074827637056023022e-01
-2.163981174542171093e+00
-7.915906004900490067e-03
-1.568385364710831897e+00
3.923522937122177812e+00
8.051109808036494009e-02
-2.069445024054867438e-02
-1.492668927309908522e+00
-9.869044829072151082e-01
-8.129384560630559253e-03
-1.043508764630269425e+00
-9.481150361376506908e-01
-1.065435735332884937e+00
3.709144065219490027e+00
-1.312262627407369209e+00
-1.545391871369767633e+00
-6.312704122383474559e-01
-4.451222701363267698e-01
-3.394061593210553895e-03
-3.695957129235511451e-01
