-7.048958299143150974e-01
1.099911830262353440e+01
-1.146920147896362818e-01
-9.184110096225364117e-01
1.073853356355508559e+01
1.146308971287909628e+01
-1.035683170582105128e-01
-9.913171267123496166e-01
-1.711918927101279131e+00
-1.522886225800905713e-01
9.406906001104722304e-01
-1.536842671948651207e+00
1.093267464126473021e+00
4.408029217827227342e+00
2.384046121896998827e-02
-1.022668393283869381e+00
-8.647166129300788429e-01
-6.312106122545365627e-01
-1.235485046116572005e-01
2.680589460522491904e-02
