-1.003246095278222727e+00
1.806772053828090208e+01
-9.999893337322908193e-01
-2.967279925870289770e+00
1.851905856430111541e+01
-3.162750833687293266e+02
-9.999949266800023384e-01
-4.276061286197884925e+01
-1.070549015928109693e+00
-9.999546811847209726e-01
-9.998539500480654318e-01
-1.057393455818782080e+00
-9.997516466189915185e-01
-9.537257109063695948e-01
-1.387925050819692530e+00
-3.346959379785015898e+01
-1.008601932433526249e+00
-1.001755552326983212e+00
-9.999831412851029055e-01
-9.999999999688936603e-01
