-6.152197440496737918e-02
-9.830456737314512417e-01
-3.228078008567068931e-04
-9.517895551136442700e-01
9.998822496252215419e-01
-9.268691908017208103e-01
-1.649894063555498920e-04
9.903236736855868250e-01
-2.517943289394716233e-01
-1.271537130127047260e-03
1.740231226465967793e-03
-2.279652936781260131e-01
2.657651522083721764e-03
1.381635003508071280e-01
-5.530171064460031038e-01
9.360831802094192744e-01
-9.311135381546886691e-02
-4.881047677474547458e-02
-4.923227620641994033e-04
5.788246902347510855e-09
