-1.249176537942942034e+00
1.167175591131288712e+02
2.100480203581103489e-01
2.767819891918164021e+00
-9.512384638377122670e+00
-2.319279347393955248e+01
-7.122267068316771865e-02
-2.547689020811363747e+01
-4.245754028077146636e+00
5.755343964950619673e-02
-4.448567501427339033e-02
-5.029733267747604764e+00
2.951949824306567272e-01
1.687052414917081800e-01
-1.200954215021806215e+00
-3.428172489941869117e+01
1.085743829316205389e+00
-3.123008287752267798e+00
7.311037727796756980e-02
-6.729465613254239503e-03
