-1.128579037306065569e-01
4.594274826158145641e-01
-6.021707141155883264e-03
-8.744345554699327616e-01
7.992649528571883766e-02
2.769394783722970987e-01
-4.359003751839608115e-03
-6.672587520449133613e-01
-3.629568637611651494e-01
-1.140788803690014758e-02
4.284283523319735304e-02
-3.349989415232776935e-01
5.495148103405680245e-02
4.163659200680136507e-01
-6.428890076220447058e-01
-7.736126082313727892e-01
-1.586928703166554377e-01
-9.387259184535093337e-02
-7.347570058715060040e-03
1.644724505338287637e-05
