-7.837746969164490762e-01
-3.823297663005019587e+01
5.713597985288895176e-01
1.074965383520838785e-01
-4.231425595138930618e+01
-2.877038636306181729e+01
5.084344007535982479e-01
-1.720274024741614838e-01
-1.377924143960438386e+00
6.827757730464014685e-01
1.954260284074791909e-01
-1.122074158082285500e+00
3.089759234713245206e-01
3.220839154208103849e+00
-1.206564216166506442e+00
-1.103526523056062858e-01
-1.333774019841544201e+00
-4.812832832357856194e-01
6.099697332328180011e-01
-5.019623757975138351e-02
