-9.126358904976310527e-01
-1.205411067959089344e+01
-4.166667541829568444e-01
-8.800920102922844546e-01
-8.765493945214245741e+00
-4.231959896664705667e+01
-3.690289625298820431e-01
-3.643134715195905926e-01
-1.007466162301890122e+00
-5.288365289373898603e-01
6.600039092243462635e-01
-1.004240843863419830e+00
7.214751194287103431e-01
1.760868369724286620e+00
-9.934556037627355618e-01
-4.145047260516435128e-01
-9.485986612244575733e-01
-8.909552792406835175e-01
-4.490841132761012044e-01
5.087072361564172474e-02
