7.939182551200074656e-02
1.086338590634554890e+01
1.718790907950016600e-01
-2.911516285800956449e+00
1.276447938244278468e+01
-1.100101250265481099e+02
1.587286248257830379e-01
-8.054678819476714935e+00
-4.583757866955735505e-01
1.959115829642140705e-01
-5.597768806850083045e-01
-3.900364561837810218e-01
-6.278821627974859876e-01
-1.668212977430797661e+00
-1.343812365925760588e+00
-7.557819551995189400e+00
-7.412246160213742385e-03
1.133788012112789678e-01
1.798562520891370808e-01
-3.019504460138799917e-02
