5.220086028075641149e-01
-1.221707377020597463e+01
-9.135512292138339707e-02
-2.376858917983430963e-01
-8.205206068751643045e+00
-3.110138618444761249e+01
-9.790164745251206391e-02
3.441310600144426690e+00
5.688821567526927581e+00
-5.716212029610764911e-02
8.129439540850804669e-01
3.701364970031224111e+00
9.201820147196870803e-01
2.548536951625565372e+00
-1.598309957345919186e+00
2.863684277210723828e+00
7.842116007988633175e-01
4.242765570166162070e-01
-8.426410289266873799e-02
3.418448382614175385e-02
