-4.158919356999165595e-01
5.806200115098127057e+00
-4.045187964226291122e-01
-1.688554058893235066e+00
-1.367523848080576165e+01
-6.210401283322001120e+01
-4.116641676880771206e-01
-5.058775619568445236e-02
-7.466873428308183902e-01
-3.909777298497832954e-01
2.815245086044661504e-01
-6.979325568503221833e-01
4.684780076642222624e-01
3.970732251368668475e+00
-1.329950432082344092e+00
-1.186310118148997672e-01
-4.555463827695988011e-01
-4.031385411333084923e-01
-4.000891142761335839e-01
-4.576742983069361781e-01
