  -2.9391523e-16
  -1.8252178e+00
  -5.1357052e-01
   3.1105540e+00
  -2.8213692e-01
   1.6532732e-16
  -8.5115773e-01
   3.7091204e-01
  -2.1956852e+00
   1.6318623e+00
  -7.3478808e-17
  -1.5870202e-01
  -2.2825356e-01
  -1.9972187e-01
  -1.0580135e-01
   1.8369702e-17
   7.0534230e-02
   8.5595086e-02
   5.7063391e-02
  -6.0796981e-02
   0.0000000e+00
   1.7633558e-02
  -2.8134534e-01
   8.5595086e-02
   7.0534230e-02
  -6.3335059e-17
  -1.0580135e-01
  -1.3841524e+00
  -2.2825356e-01
  -1.5870202e-01
  -7.3478808e-17
  -1.2439240e+00
   3.4238035e-01
  -1.2788305e+00
   1.7109065e+00
   9.0067017e-16
  -2.8213692e-01
  -4.8503882e-01
  -2.7978295e+00
   1.1551426e+00
   1.0133609e-15
