  -2.4727088e-15
  -1.8252178e+00
  -5.1357052e-01
   3.1105540e+00
  -2.8213692e-01
   1.3908987e-15
   2.4686981e-01
   3.1204830e+00
   1.8652197e+00
  -6.6876677e-01
  -6.1817721e-16
  -8.6457686e-01
   7.8697262e-01
   6.8860106e-01
   6.7850406e-01
  -1.1780490e-16
   3.8425638e-01
   5.9320818e-01
   3.9547212e-01
   1.2220761e-01
   0.0000000e+00
  -1.1308401e-01
  -3.6594753e-01
   4.6630491e-01
  -2.4318792e-01
  -1.1780490e-16
  -1.0580135e-01
  -1.9972187e-01
   1.4637901e+00
  -1.0998685e+00
   3.6227991e-16
  -1.2439240e+00
   1.8652197e+00
  -1.8287447e+00
   2.4686981e-01
   1.1457845e-15
  -1.9553217e+00
   3.1105540e+00
   2.5321081e+00
  -3.3503759e-01
  -2.9391523e-16
