  -1.6011914e-15
  -2.8186712e+00
   3.2935277e+00
   1.6723168e+00
  -1.9553217e+00
  -1.0602441e-15
   2.0769157e+00
  -2.3786589e+00
   3.4238035e-01
   1.3442837e+00
  -7.3478808e-17
   7.8246444e-01
  -1.2434797e+00
   6.8860106e-01
  -8.9010676e-01
   1.5454430e-16
  -2.4318792e-01
   5.9320818e-01
  -3.6594753e-01
   9.6064097e-02
   0.0000000e+00
   9.6064097e-02
  -3.6594753e-01
  -4.2201801e-01
  -4.5233602e-01
   1.2730938e-16
   6.7850406e-01
  -1.3841524e+00
   7.8697262e-01
   5.4717282e-01
  -5.0923753e-16
   1.9396913e-01
  -1.6880721e+00
  -1.2788305e+00
  -1.5831761e+00
  -8.1512982e-16
  -1.9553217e+00
   1.6723168e+00
   1.7706884e+00
   2.1485961e+00
  -2.4727088e-15
