  -1.6011914e-15
   2.1485961e+00
  -4.3206688e+00
  -4.8503882e-01
  -1.5370255e+00
   1.1457845e-15
   2.4686981e-01
   2.0206546e+00
   3.4238035e-01
  -1.2439240e+00
   3.6227991e-16
  -1.5870202e-01
  -2.2825356e-01
  -1.9972187e-01
  -8.9010676e-01
  -9.0569979e-17
  -3.4776197e-01
   8.5595086e-02
   3.1086994e-01
  -8.6940494e-02
   0.0000000e+00
   1.7633558e-02
   5.7063391e-02
  -5.4892129e-01
   5.9340448e-01
  -6.3335059e-17
  -1.0580135e-01
   6.8860106e-01
   1.1253814e+00
  -1.5870202e-01
  -6.1817721e-16
   1.9396913e-01
  -2.1956852e+00
   3.7091204e-01
   1.3448974e+00
   9.0067017e-16
  -2.8213692e-01
  -2.6423945e+00
   3.2935277e+00
  -3.3503759e-01
  -2.9391523e-16
