   1.4491196e-15
  -3.3503759e-01
  -5.1357052e-01
  -4.8503882e-01
  -2.8213692e-01
   1.3908987e-15
   2.4686981e-01
   3.7091204e-01
   3.4238035e-01
   1.9396913e-01
  -7.3478808e-17
  -1.5870202e-01
   1.4637901e+00
   1.2808164e+00
  -1.0580135e-01
   1.8369702e-17
   7.0534230e-02
  -5.4892129e-01
   5.7063391e-02
   1.7633558e-02
   0.0000000e+00
   1.7633558e-02
   3.9547212e-01
   8.5595086e-02
   7.0534230e-02
  -1.1780490e-16
  -1.0580135e-01
  -1.9972187e-01
  -1.2434797e+00
  -1.5870202e-01
  -7.3478808e-17
   1.9396913e-01
   3.4238035e-01
   3.7091204e-01
  -8.5115773e-01
   1.6532732e-16
  -1.9553217e+00
   1.6723168e+00
  -5.1357052e-01
  -3.3503759e-01
  -2.4727088e-15
