-3.191915096065284785e-01
1.258873309268361718e+00
-2.685138013685471892e-01
6.051927515896128595e-02
-3.206037186924070026e-01
2.557809648283695947e-01
-3.053583473990265640e-01
4.414005157780256927e-01
5.963404613383823660e-01
9.255398817371761622e-01
-9.000438679410105447e-02
-2.362136440722679698e-01
-3.211661864531029087e-01
2.542031338448702105e+00
-3.142948965682229034e-01
1.533269920223859994e+00
8.305097224616360407e-02
3.923289610736201194e+00
-2.257882258741561177e-01
-1.028343684859599344e-01
