-1.943018661103156353e-01
1.194451546029466238e+00
-1.848894197939860984e-01
1.083142022233307689e-01
-1.923010960737439046e-01
9.070791383456999757e-02
-1.622641895360633080e-01
3.190902852370422482e-01
7.110206253156354794e-01
1.000982062449135901e+00
-1.274540981049660238e-01
-2.467745473429673320e-01
-1.689132383110041880e-01
1.571638774138097938e+00
-2.003149028053848868e-01
1.313820605850680945e+00
1.158062147506200290e-01
1.749401934736428466e+00
-2.498125958510265532e-01
-1.942336547209030373e-01
