-3.093573297461613136e-01
9.834276044467019640e-01
-2.579968674200571743e-01
-8.746117457815513752e-02
-3.102108722094802373e-01
-2.586931884388284919e-01
-2.852208645519592745e-01
-4.587608984311042915e-01
-3.156552740001505875e-01
9.603770994455653742e-01
-3.586708659312015657e-01
-2.356417731960473994e-01
-3.019300121698187400e-01
9.029173047212405434e-01
-3.060211806802534129e-01
9.494690876686948666e-01
2.314950203632307746e-01
9.449272255012018951e-01
-2.254147511791374792e-01
1.632081640866850369e-01
