1.362669429248813735e+00
1.256640645067751194e+00
-2.896150067435145359e-01
6.041527649030929703e-02
1.503910079247605447e+00
2.556566108185026609e-01
-5.048228309349965803e-01
4.428588156959145650e-01
5.987478460661984636e-01
9.270511465396789053e-01
-8.848317321329488006e-02
4.727594321532113675e-01
-1.076057008264016845e+00
2.531938932980123624e+00
1.087010215051759543e+00
1.527399242975652660e+00
8.285439530836126443e-02
3.948111452937454136e+00
4.462391875544294839e-01
-1.004575364802082899e-01
