-3.056365129945902703e-01
1.253830887543437189e+00
-2.580005084392229531e-01
5.897313836080952942e-02
-3.068497520578842286e-01
2.506364363093710468e-01
-2.918964359842046719e-01
4.370497131952316705e-01
5.958509564254935720e-01
9.332679025402678130e-01
-8.757442192030689965e-02
-2.293922777240578748e-01
-3.064285071580317155e-01
2.169414845716932660e+00
-3.013777392250654996e-01
1.489826513326569346e+00
8.095280057993603506e-02
2.950827230241633181e+00
-2.194380220364490208e-01
-1.000294968218603253e-01
