-3.178519179643252146e-01
9.858740178225056106e-01
-2.673777634262652358e-01
6.057372263093110942e-02
-3.191696493384750255e-01
2.625425428736876676e-01
-3.034724730800325565e-01
4.745422378646347306e-01
6.575711445531469135e-01
9.479443603463745260e-01
-9.004389486616078131e-02
-2.365968030533131816e-01
-3.189900756322294195e-01
9.409945480600561130e-01
-3.132437117115390857e-01
9.001002584341470936e-01
8.320730419960402358e-02
9.242718923371684436e-01
-2.260918093820956376e-01
-1.028784808204671469e-01
