-3.191915096069071756e-01
1.258873309268361718e+00
-2.685138013685471892e-01
6.051927567925970142e-02
-3.206037186927666593e-01
2.557809648283695392e-01
-3.053583473990265640e-01
4.414005157814648861e-01
5.963404613413103572e-01
9.255398817371761622e-01
-9.000438681004931107e-02
-2.362136440731235354e-01
-3.211661864530844235e-01
2.542031338448701661e+00
-3.142948965682229034e-01
1.533269920223859772e+00
8.305097220042177708e-02
3.923289610736201194e+00
-2.257882258784035256e-01
-1.028343684747617948e-01
