-3.175673920752535295e-01
1.246428966865950727e+00
-3.216229401889699746e-01
5.956712653505970984e-02
-3.221207240216580892e-01
2.530439078250070195e-01
-3.624717100479138421e-01
4.488246047960373630e-01
6.161094589207444239e-01
9.549143407887197288e-01
-9.444596611347413906e-02
-1.858604115449105088e-01
-3.684428463689000122e-01
1.822653028432181799e+00
-3.037502432190208879e-01
1.438695399452387225e+00
8.149704641392550852e-02
1.880142109627030766e+00
-1.763012556576409873e-01
-1.089130203263222740e-01
