-3.100029136760101278e-01
9.967939993412672228e-01
-2.454635551809509764e-01
5.192267771634334617e-02
-3.110213596813120596e-01
2.493634293771197219e-01
-2.856101005636113577e-01
4.827595794564857878e-01
6.803457549855843611e-01
9.560035312021745169e-01
-7.590288490364799356e-02
-2.384082834560405650e-01
-3.046745970978719797e-01
9.557064621971346208e-01
-3.062362145478293995e-01
9.825425630779237585e-01
7.203126178629037923e-02
8.993634271138630787e-01
-2.292237035939260203e-01
-8.700886381383406143e-02
