-3.261477522566937903e-01
1.169868352052284344e+00
-2.583103531566972033e-01
6.429196190483589535e-02
-3.282756874732582486e-01
3.099770460917384285e-01
-3.075118320294378815e-01
5.416434230283413420e-01
7.053506884952391864e-01
9.716670099235382718e-01
-8.321831977045440754e-02
-2.185108244216340534e-01
-3.301604205248236390e-01
1.649619948151771709e+00
-3.188896379461228503e-01
1.301075810551911793e+00
9.013341727140451731e-02
1.951942800929922672e+00
-2.069523242601853941e-01
-9.434587602563401787e-02
