-3.191915096069155577e-01
1.258873309268361496e+00
-2.685138013685471337e-01
6.051927515896128595e-02
-3.206037186927668259e-01
2.557809648283695392e-01
-3.053583473990266750e-01
4.414005157780256927e-01
5.963404613383824771e-01
9.255398817371762732e-01
-9.000438679410105447e-02
-2.362136440731192888e-01
-3.211661864531029642e-01
2.542031338448701661e+00
-3.142948965682228479e-01
1.533269920223859994e+00
8.305097224616359020e-02
3.923289610736201638e+00
-2.257882258784036367e-01
-1.028343684859604618e-01
