  -4.1366894e-03
  -4.2780510e-04
  -2.8737588e-03
  -9.3558185e-03
  -2.1012550e-02
  -3.7294169e-02
  -5.5980913e-02
  -7.4048277e-02
  -8.8939669e-02
  -9.9526000e-02
  -1.0611084e-01
  -1.0928022e-01
  -1.0800913e-01
  -5.2936078e-01
  -7.0815361e-02
   5.0673027e-02
   7.6872139e-02
   2.1267934e-01
   3.8799839e-01
   5.8876416e-01
   7.9147970e-01
   9.6740695e-01
   1.0888910e+00
  -7.2932852e+00
   1.1018710e+00
   9.9386210e-01
   8.3192891e-01
   6.4266089e-01
   4.5187135e-01
   2.7756371e-01
   1.2549526e-01
  -7.2109639e-02
  -1.4858212e-01
  -3.0446196e-01
  -4.9121618e-01
  -7.0910346e-01
  -9.4345329e-01
  -9.8047331e+00
  -1.3425748e+00
  -1.4383656e+00
  -7.7887965e+00
  -1.3131712e+00
  -1.1010655e+00
  -8.2699894e-01
  -5.3536704e-01
  -1.8831998e+00
  -7.7099795e-02
  -1.4708554e-01
   4.2135327e-02
  -1.9768942e-02
   4.3097383e-01
   1.5337123e+00
  -3.2846407e-01
  -3.6732560e-01
  -3.4875149e-01
  -2.7992265e-01
  -1.7998336e-01
  -6.1461804e-01
   1.4152812e-02
   6.7615649e-02
  -4.0280518e-01
   5.8295802e-02
   1.5521358e-02
  -2.8952619e-02
  -5.7265446e-02
  -3.9128580e-01
  -2.0828745e-01
   3.1964234e-02
   1.0274608e-01
   1.7033577e-01
   2.1931221e-01
   2.3908225e-01
   2.2637234e-01
   1.8576317e-01
   1.2826005e-01
   6.8377938e-02
   2.0549807e-02
  -1.8875750e-02
  -7.2721595e-04
   2.9679783e-02
  -3.9923072e-01
   1.3847854e-01
   1.9363917e-01
   2.3467959e-01
   2.5473053e-01
   2.1251059e+00
   2.2804920e-01
   1.8987086e-01
   1.4490522e-01
   1.0072272e-01
   6.3093402e-02
   3.5028375e-02
   1.6613686e-02
   5.5714334e-03
   2.3593151e-03
  -8.8205564e-03
  -1.8514903e-02
  -2.1436628e-01
  -4.7868161e-02
  -6.4540531e-02
