  -5.9155210e-03
  -3.8355304e-03
  -1.1498513e-02
   4.0183147e-02
   6.8289919e-02
  -3.7294169e-02
  -5.5980913e-02
  -6.1523574e-01
   5.6263769e-01
  -9.9526000e-02
  -7.2944578e-01
   3.7261919e-01
  -7.4260169e-01
  -9.7932731e-02
   4.4640650e-01
  -1.5902946e-02
  -5.0071344e-01
  -7.3743298e-01
   3.8799839e-01
   5.8876416e-01
  -5.0834917e+00
   5.2743967e+00
  -6.9907904e+00
   1.1360600e+00
   6.0069300e+00
  -3.4307949e+00
  -5.3428925e+00
   4.4598418e+00
  -2.2338513e+00
   2.7756371e-01
   6.8783023e-01
  -5.7199318e-02
   7.2662450e-01
  -3.0446196e-01
   2.4159475e+00
  -7.0910346e-01
  -9.4345329e-01
  -6.3498604e+00
   8.6021998e+00
  -9.9625042e+00
  -1.2026872e+01
  -1.3131712e+00
  -1.1010655e+00
  -6.9498097e+00
  -5.3536704e-01
   1.7403751e+00
   4.8670857e-01
   2.4856829e-01
   4.2135327e-02
  -1.5858370e-01
  -1.2620540e-01
  -1.3052897e+00
  -2.7556358e+00
  -2.5397686e+00
  -2.4110425e+00
  -1.5208055e+00
   6.1638948e-01
  -5.0673055e-01
   1.4152812e-02
  -2.3728239e-01
   8.0492536e-02
  -2.9336640e-01
  -5.7671689e-02
  -2.3584597e-01
  -5.7265446e-02
  -4.7447654e-01
  -2.5676912e-02
   3.1964234e-02
   8.7213518e-01
   9.3211236e-01
  -1.0872417e+00
  -8.2846493e-01
   1.5747956e+00
   1.0161577e+00
   1.0867842e+00
   6.8377938e-02
   1.4836316e-01
   1.9381285e-02
   9.0488321e-04
  -1.9806886e-01
  -5.1928172e-01
   7.5856054e-01
   1.9363917e-01
  -1.5127326e+00
   1.7713292e+00
   2.5167877e-01
   1.9263103e+00
  -1.2253742e+00
   7.9357181e-01
  -5.0254808e-01
   6.3093402e-02
  -1.7864868e-01
   1.6613686e-02
   5.5714334e-03
  -5.0183835e-03
  -4.3895477e-02
  -1.2237090e-01
   1.0544525e-01
  -4.7868161e-02
  -6.4540531e-02
