   7.6824835e-03
  -4.2780510e-04
   1.0697004e-02
  -9.3558185e-03
   6.8289919e-02
   1.2442569e-01
  -5.5980913e-02
  -7.4048277e-02
  -8.8939669e-02
   3.3898859e-01
  -1.0611084e-01
  -1.0928022e-01
   3.6823673e-01
  -8.1617566e-01
  -4.8483400e-01
  -1.0426900e-01
   5.3869945e-01
   2.1267934e-01
   2.6949288e+00
   5.8876416e-01
   4.3159803e+00
  -3.3395828e+00
   1.0888910e+00
   1.1360600e+00
   1.1018710e+00
   9.9386210e-01
  -4.1076871e+00
   5.4144385e+00
   3.1375940e+00
   1.5162687e+00
   8.7567713e-01
  -1.1262614e-02
  -1.0237887e+00
  -3.0446196e-01
  -4.9121618e-01
  -7.0910346e-01
  -9.4345329e-01
   7.4720419e+00
   4.6247722e+00
  -1.4383656e+00
  -1.4304772e+00
  -1.3131712e+00
  -7.6248796e+00
  -5.7254887e+00
   3.4255764e+00
   1.7403751e+00
  -7.7099795e-02
  -1.0285606e-01
   4.2135327e-02
  -1.9768942e-02
  -8.6870912e-01
  -2.4036250e-01
  -3.2846407e-01
  -3.6732560e-01
  -3.4875149e-01
   1.7874115e+00
   8.8144518e-01
  -7.3974855e-02
  -9.8494394e-02
   3.7251368e-01
   6.8491612e-01
   5.8295802e-02
   1.5521358e-02
   1.3680321e-01
  -5.7265446e-02
  -3.0809507e-01
   8.4371707e-02
   2.7664751e-01
   1.0274608e-01
   1.7033577e-01
   2.1931221e-01
   2.3908225e-01
   2.2637234e-01
   1.8576317e-01
   1.2826005e-01
   6.8377938e-02
  -1.3951832e-01
   1.9381285e-02
  -7.2721595e-04
   2.5742843e-01
  -3.9923072e-01
   9.6565645e-01
   1.9363917e-01
   2.3467959e-01
  -8.8241707e-01
  -1.2468218e+00
   1.5864170e+00
  -6.5879390e-01
   1.4490522e-01
   1.0072272e-01
   6.3093402e-02
   1.9498473e-01
   1.6613686e-02
   5.4604880e-02
  -5.7278433e-03
   2.6254364e-02
   8.5341097e-02
  -3.1789083e-02
  -4.7868161e-02
  -6.4540531e-02
