  -5.9155210e-03
  -2.6821640e-03
  -2.8737588e-03
  -9.3558185e-03
   6.8289919e-02
   1.2442569e-01
   2.7006351e-01
  -5.0723940e-01
  -8.8939669e-02
  -9.9526000e-02
   6.7275641e-01
  -5.9117963e-01
   3.6823673e-01
  -9.7932731e-02
  -7.0815361e-02
  -1.2605907e-01
   5.3869945e-01
  -1.3716450e+00
   2.1178948e+00
   4.9610053e+00
   6.6664511e+00
  -3.3395828e+00
   9.1685724e+00
   6.1931848e+00
   1.1018710e+00
   8.3690943e+00
  -4.1076871e+00
  -4.1291167e+00
   3.1375940e+00
   2.7756371e-01
  -8.1253351e-01
  -7.2109639e-02
  -1.2422890e+00
   1.9447821e+00
   2.4159475e+00
  -4.9084258e+00
  -9.4345329e-01
  -9.8047331e+00
   6.6134860e+00
   4.9550398e+00
   7.0468800e+00
  -7.1497369e+00
  -1.1010655e+00
   2.8471698e+00
   1.8416813e+00
  -1.4808483e+00
   4.8670857e-01
  -1.0285606e-01
  -2.7794626e-01
  -1.9768942e-02
  -1.0540336e+00
  -2.4036250e-01
  -3.2846407e-01
   1.8051174e+00
  -3.4875149e-01
   1.7874115e+00
  -9.7635620e-01
  -3.9884306e-01
   1.4152812e-02
  -2.3728239e-01
  -5.2393104e-01
   3.2174102e-01
  -8.2471284e-02
   9.5665689e-02
  -3.9092767e-01
  -5.7317122e-02
  -2.5676912e-02
   1.7829190e-01
  -5.1252405e-01
   9.3211236e-01
  -7.6030179e-01
   1.3066294e+00
  -1.1220510e+00
  -9.2183151e-01
  -6.3831813e-01
   5.8299600e-01
   1.8061794e-01
   1.0419896e-02
  -1.6498553e-03
   2.5742843e-01
  -2.7917972e-01
  -4.8160346e-01
   1.0590646e+00
   1.6323682e+00
   2.1507804e+00
   2.1251059e+00
   1.5864170e+00
   1.0385356e+00
  -9.3700959e-01
  -3.5142894e-01
  -3.1702049e-01
   2.4870543e-01
   1.2108427e-01
   5.5714334e-03
  -5.0183835e-03
  -8.8205564e-03
  -1.8514903e-02
  -2.5970914e-01
   1.6088270e-01
   4.0616601e-01
