   5.9036519e-03
   4.1332865e-03
  -2.8737588e-03
   4.0183147e-02
   9.7655496e-02
   2.3143510e-01
  -3.8202534e-01
   3.5914284e-01
   4.3256336e-01
  -9.9526000e-02
   3.6169180e-01
  -7.5141086e-01
   3.6823673e-01
  -6.7276822e-01
  -4.8483400e-01
  -1.0426900e-01
  -3.8495517e-01
  -7.3743298e-01
   2.6949288e+00
  -2.9087876e+00
   5.4912157e+00
   5.2743967e+00
   9.1685724e+00
   7.8792950e+00
  -7.0740311e+00
   8.3690943e+00
  -2.8724816e+00
  -4.1291167e+00
  -2.9055834e+00
   1.9295723e+00
  -4.3683971e-01
  -8.7019961e-02
   7.2662450e-01
  -1.6544907e+00
   1.6894580e+00
  -3.8588967e+00
   3.2486811e+00
   7.4720419e+00
   4.6247722e+00
  -1.2093237e+01
  -7.7887965e+00
   8.4136345e+00
  -5.9942275e+00
  -4.5011677e+00
  -5.3536704e-01
  -2.7258810e-01
  -7.7099795e-02
   2.0433881e-01
   3.6221692e-01
   9.1524011e-02
   4.3097383e-01
   8.2456468e-01
  -1.7852494e+00
   1.2623081e+00
  -2.9263139e+00
  -1.5208055e+00
   1.1465009e+00
  -3.9884306e-01
   8.1258840e-02
   4.7454827e-01
   4.4266439e-01
  -3.8158339e-01
   1.5521358e-02
   1.3680321e-01
  -5.7265446e-02
  -3.9128580e-01
  -2.5676912e-02
   2.2746971e-01
   7.1801621e-01
  -8.4576826e-01
   1.1989262e+00
  -1.5409669e+00
   1.9122029e+00
  -9.2183151e-01
   7.0289225e-01
  -4.4624013e-01
   1.4836316e-01
  -2.7837139e-02
   1.9542341e-04
   1.6584667e-01
  -2.7917972e-01
   9.6565645e-01
  -6.7178628e-01
   2.3467959e-01
  -8.8241707e-01
   1.3752528e+00
   1.9263103e+00
  -6.5879390e-01
   1.0101959e+00
   5.5287438e-01
  -2.2169058e-01
   3.0242613e-01
   1.4750335e-01
   3.4509205e-02
  -1.6842641e-03
  -4.3895477e-02
  -9.6708338e-02
  -2.5970914e-01
   1.6088270e-01
   4.0616601e-01
