  -4.1366894e-03
  -4.9888967e-03
  -2.8737588e-03
  -9.3558185e-03
  -2.1012550e-02
   1.7793039e-01
  -5.5980913e-02
  -5.0723940e-01
  -4.8036838e-01
  -8.2957983e-01
   5.1722410e-01
  -1.0928022e-01
  -1.0800913e-01
   6.2031019e-01
  -7.0815361e-02
  -1.5902946e-02
  -5.0071344e-01
  -7.3743298e-01
   2.6949288e+00
   4.0863159e+00
   7.9147970e-01
  -3.3395828e+00
   1.0888910e+00
   9.5654052e+00
   1.1018710e+00
  -6.3813701e+00
   8.3192891e-01
   5.4144385e+00
   4.5187135e-01
  -1.7877485e+00
   1.2549526e-01
  -7.2109639e-02
  -1.4858212e-01
  -3.0446196e-01
  -4.9121618e-01
  -4.9084258e+00
  -9.4345329e-01
  -1.1663456e+00
   8.6021998e+00
  -1.4383656e+00
  -1.4304772e+00
  -1.3131712e+00
  -1.1010655e+00
  -8.2699894e-01
  -5.3536704e-01
   1.7403751e+00
   3.7418805e-01
   2.8626635e-02
   4.2135327e-02
  -1.9768942e-02
  -1.2620540e-01
  -2.4036250e-01
  -1.7852494e+00
   1.8051174e+00
  -3.4875149e-01
  -2.7992265e-01
  -1.7998336e-01
  -7.3974855e-02
  -9.8494394e-02
   6.7615649e-02
   4.4266439e-01
   4.0995801e-01
   1.5521358e-02
  -2.8952619e-02
  -4.7404179e-01
  -5.7317122e-02
  -1.3572553e-01
   3.1964234e-02
   1.0274608e-01
  -1.1000957e+00
   2.1931221e-01
  -1.1847159e+00
   2.2637234e-01
   1.8576317e-01
   1.2826005e-01
   6.8377938e-02
   2.0549807e-02
  -4.2279270e-03
  -1.6498553e-03
   2.9679783e-02
   7.9767552e-02
   1.3847854e-01
   1.9363917e-01
  -1.5127326e+00
  -8.8241707e-01
   2.5167877e-01
   2.2804920e-01
  -1.2253742e+00
  -5.0376137e-01
   5.5287438e-01
   3.4787739e-01
   3.5028375e-02
   1.6613686e-02
   5.5714334e-03
  -5.7278433e-03
  -8.8205564e-03
  -1.8514903e-02
   1.9613098e-01
  -4.7868161e-02
  -6.4540531e-02
