
0;2;3.38
1;7;3.24
2;5;3.33
3;8;3.84
4;8;3.94
5;5;4.27
6;13;5.13
7;12;5.8
8;10;6.31
9;13;6.69
10;13;7.17
11;19;7.99
12;17;8.79
13;17;9.18
14;17;9.89
15;15;10.47
16;17;11.12
17;17;13.12
18;15;14.49
19;17;15.07
20;17;15.65
21;17;16.5
22;17;18.36
23;23;17.78
24;17;18.47
25;20;20.4
26;20;20.69
27;20;20.92
28;20;22.36
29;20;23.05
30;20;23.8
31;20;24.33
32;20;27.86
33;20;30.12
34;20;35.13
35;56;37.45
36;56;37.67
37;24;37.04
38;45;37.21
39;46;42.39
40;64;47.08
41;64;48.44
42;67;50.53
43;68;51.8
44;68;51.86
45;68;53.35
46;75;56.52
47;85;54.82
48;77;62.03
49;77;64.45
50;77;62.44
51;68;68.92
52;68;69.04
53;71;68.97
54;68;69.65
55;68;69.42
56;68;68.61
57;68;68.59
58;68;70.56
59;76;70.02
60;76;72.53
61;79;70.07
62;83;71.79
63;83;73.44
64;78;72.53
65;87;72.36
66;69;72.39
67;69;70.92
68;69;70.51
69;78;74.54
70;78;72.71
71;78;73.49
72;68;74.17
73;72;74.75
74;80;72.95
75;72;71.78
76;72;73.02
77;87;73.44
78;80;75.87
79;87;73.74
80;80;73.27
81;70;76.3
82;70;76.55
83;70;76.89
84;70;75.65
85;70;78.92
86;102;76.67
87;80;76.6
88;77;80.96
89;77;77.45
90;77;75.76
91;63;74.22
92;63;74.4
93;76;71.87
94;129;74.04
95;129;73.19
96;66;73.45
97;70;75.37
98;70;83.67
99;111;94.74
100;111;98.78
101;132;107.96
102;132;120.93
103;132;119.46
104;126;119.46
105;126;115.52
106;126;111.43
107;126;117.55
108;126;116.22
109;128;120.08
110;126;120.49
111;126;117.8
112;134;121.1
113;134;118.51
114;132;120.96
115;130;119.72
116;130;118.51
117;130;111.46
118;108;115.9
119;108;121.25
120;108;120.13
121;108;120.39
122;130;122.15
123;148;123.06
124;120;121.12
125;130;122.55
126;124;117.65
127;120;122.22
128;120;125.82
129;120;121.93
130;120;128.22
131;119;125.9
132;116;121.79
133;116;121.36
134;116;120.86
135;116;116.82
136;126;119.53
137;120;121.19
138;140;120.48
139;140;121.37
140;137;122.78
141;139;119.38
142;140;122.71
143;137;123.47
144;132;122.86
145;136;126.99
146;110;124.74
147;110;128.18
148;110;126.78
149;110;125.45
150;110;126.04
151;110;131.66
152;110;130.97
153;110;129.18
154;110;130.82
155;153;135.64
156;153;133.37
157;153;139.12
158;114;130.58
159;117;134.16
160;114;129.79
161;123;128.99
162;119;127.44
163;172;130.25
164;172;131.02
165;168;137.39
166;168;143.87
167;168;147.04
168;187;147.38
169;187;144.98
170;187;146.7
171;187;150.17
172;153;152.02
173;153;150.74
174;187;147.13
175;181;141.95
176;169;148.54
177;169;155.75
178;145;155.18
179;159;158.22
180;145;159.76
181;145;155.4
182;145;158.17
183;145;152.3
184;133;148.98
185;133;151.36
186;145;144.56
187;149;149.92
188;149;143.56
189;146;144.96
190;149;143.66
191;157;142.53
192;161;139.96
193;161;143.71
194;156;140.91
195;161;147.14
196;151;141.05
197;161;142.84
198;146;146.17
199;146;145.72
200;149;144.6