2.613908659347286556e-01
4.236245677147607719e-02
1.479835377819213290e-03
3.306586802888244177e-10
2.391299022703994581e-01
8.316867085528792373e-06
1.062915945442545994e-02
2.182754403406173829e-04
1.114219794025946616e-03
9.904155813322155708e-03
2.831734932886003897e-08
1.011747830321996222e+00
3.566489179711030549e-02
2.240279589645942426e+00
3.328172417136460726e-01
1.107317486702671938e-01
3.489788737814516829e-09
6.633568129041871941e+01
1.037794513679151098e+00
9.257807826131034113e-08
