-5.109873374669643420e-01
1.155510593627053550e+00
-2.888417064129827905e-01
6.050866998635678895e-02
-5.058181112699664528e-01
2.540510290637209012e-01
-3.556661885914128574e-01
4.324179762645063430e-01
5.760773698719657832e-01
8.681174228005171800e-01
-9.010012443136522498e-02
-5.477112977842399921e-01
-4.062889683248188111e-01
2.514852154906075388e+00
-5.249970259407285011e-01
1.397225172308767860e+00
8.301639123537198073e-02
5.537555524748182911e+00
-5.372527347286357724e-01
-1.030071120707933691e-01
