-2.359703255528721177e-01
1.289269827717479666e+00
-2.787925333369248859e-01
6.051974241084035616e-02
-2.458689119937342293e-01
2.562659915281954581e-01
-3.310373942820964421e-01
4.446893691627318845e-01
6.041049854765536686e-01
9.457839160174840165e-01
-9.003001546600010452e-02
-2.434979625012531068e-01
-3.599623331291111894e-01
2.524197858640732761e+00
-2.239752248241135835e-01
1.566342662311728695e+00
8.305379483155514442e-02
3.688758079463924311e+00
-1.747128314474633015e-01
-1.028855376440113989e-01
