-4.913625373260220308e-01
9.010126048586198921e-01
-9.638053817026880077e-02
3.315585894685777468e-01
-5.040566727099129452e-01
9.867432404687408454e-01
-9.499984339789334375e-02
5.144597794841355709e-01
-2.316371504928817493e-01
9.772805021130730463e-01
-3.049922753990250701e-01
-5.925455665934847849e-01
-4.236390846546594924e-01
8.640173618562611013e-01
-4.540090949613623250e-01
9.619349893071854618e-01
4.653641743913227713e-01
9.176568009995500486e-01
-4.501256962227896952e-01
-3.282392042910700081e-01
