-2.491469849510328238e-01
-6.336606685860337151e+00
-5.166427015993009242e-01
-1.146572100170578423e+00
-2.814095367582704066e-01
-6.449267794874649073e-01
-1.429235105907894265e+00
-1.563005317794044391e+00
-4.826337212871807392e-01
-2.626616693326340624e+00
-1.337894097530584858e+00
1.966483218426987034e-01
-1.041598983732437533e+00
3.427591004439999534e+00
-1.638569353268654882e-01
-9.842404747834194723e+00
-5.359740664526271292e-01
-5.159401503329270611e-01
2.089012975456370769e-01
-7.525086035926703554e-01
