-1.988105807807107051e-02
-4.682506027612122423e+00
-1.997076554692342465e-01
9.157477805566364981e-02
-3.306722606500931555e-02
8.118764201712299622e-01
-1.934360945871363424e-01
7.415136905226745512e+00
-6.554653920107857523e+00
-3.517439550838328266e+00
-9.622106342098769860e-02
-4.804121765531939592e-01
-1.694804063917483283e-01
3.215135560698580086e+00
2.062519540958583988e-02
-9.395476889934931464e+00
1.341648861336236231e-01
3.277769049642206944e+00
-9.884075867947286653e+00
-1.072921625286899772e-01
