-4.711678745251428602e-01
-8.191603833175855609e-01
-7.044935262570266588e-01
-5.244971361796595816e-02
-4.571387720453135017e-01
9.925821890463317754e-01
-4.558560791836812620e-01
6.691684140207869724e-01
9.364032038567677851e-01
4.138951078307000486e-01
-7.743966627266878344e-01
-9.976093481309450395e-01
-3.769895223253542649e-01
-4.862376699371046551e-01
-5.170733675725602829e-01
-1.672817663850248437e-01
8.395783971232796405e-01
4.213691710202990270e-01
-9.949375666226695225e-01
3.568818199917693779e-01
