-4.898750244891700856e-01
7.035795360952494804e+00
-5.999800915434030379e-01
1.261409808421527223e-01
-5.080432148459219643e-01
6.593366962573327106e-01
-6.816663554826902782e-01
1.402046416977748455e+00
2.198132835371251037e+00
4.347211063984922852e+00
-1.774599639657025996e-01
2.010812087716204455e-01
-6.851148967453614125e-01
2.053458016302522537e+01
-4.331378741267098986e-01
9.555221160232708399e+00
1.766102783479228111e-01
3.847296016023940979e+01
2.725235616957014106e-01
-2.034415420941698693e-01
