
0;6;3.72
1;6;3.6
2;6;3.77
3;6;3.73
4;6;3.74
5;6;3.73
6;6;4.14
7;6;4.65
8;6;5.25
9;6;5.67
10;7;5.73
11;11;5.77
12;11;5.91
13;11;6.28
14;11;6.41
15;11;7.27
16;15;8.66
17;11;8.48
18;16;8.23
19;16;8.87
20;12;10.5
21;18;11.95
22;18;12.38
23;17;14.18
24;23;15.43
25;22;15.79
26;21;16.68
27;19;15.48
28;19;19.07
29;24;21.38
30;27;23.24
31;27;24.11
32;27;25.13
33;50;25.11
34;27;27.09
35;49;27.25
36;49;27.14
37;49;29.2
38;49;31.02
39;49;33.18
40;29;33.75
41;48;35.31
42;37;36.73
43;31;34.3
44;55;32.95
45;64;33.73
46;64;37.47
47;64;37.36
48;21;38.87
49;37;36.38
50;21;37.23
51;59;40.03
52;79;43.5
53;77;47.23
54;77;47.1
55;79;51.91
56;58;55.27
57;61;57.67
58;68;53.29
59;68;53.35
60;67;57.69
61;68;59.27
62;73;59.28
63;67;62.6
64;66;61.23
65;65;60.93
66;75;61.06
67;74;64.47
68;71;63.39
69;71;66.45
70;77;65.8
71;77;69.1
72;77;73.04
73;78;76.08
74;77;71.48
75;82;69.81
76;85;73.17
77;87;69.92
78;85;72.29
79;86;73.18
80;99;72.39
81;66;69.63
82;71;70.19
83;72;71.91
84;72;71.19
85;72;72.53
86;72;69.11
87;72;72.83
88;72;72.02
89;72;70.44
90;72;73.02
91;68;70.63
92;108;72.54
93;116;70.68
94;68;74.57
95;103;78.52
96;115;79.7
97;115;85.28
98;115;90.81
99;108;87.4
100;115;87.62
101;102;89.95
102;117;97.95
103;117;100.6
104;112;99.08
105;112;104.07
106;112;104.8
107;112;104.4
108;112;109.52
109;105;107.32
110;112;107.12
111;105;105.6
112;105;104.38
113;123;107.42
114;123;99.38
115;100;98.81
116;117;101.52
117;117;99.83
118;117;100.6
119;118;101.39
120;118;99.18
121;112;99.65
122;112;103.31
123;112;107.17
124;112;108.13
125;112;108.05
126;112;103.88
127;120;104.61
128;120;108.01
129;123;109.64
130;112;107.6
131;149;107.84
132;118;111.91
133;150;114.75
134;120;117.77
135;124;114.29
136;124;116.06
137;124;111.63
138;108;111.45
139;108;112.33
140;109;109.33
141;121;107.67
142;116;107.58
143;116;106.07
144;120;107.88
145;116;108.06
146;109;104.53
147;108;106.5
148;108;104.06
149;108;105.69
150;108;104.08
151;108;105.08
152;108;107.49
153;108;105.66
154;95;104.88
155;135;110.4
156;135;112.24
157;105;110.88
158;103;111.56
159;133;110.2
160;133;105.95
161;94;110.06
162;96;111.53
163;137;107.99
164;137;104.17
165;137;104.97
166;137;107.28
167;137;103.5
168;137;110.01
169;137;114.04
170;141;115.82
171;141;114.29
172;141;116.96
173;138;120.04
174;141;121.91
175;140;124.61
176;137;126.46
177;137;124.78
178;137;128.44
179;145;127.74
180;145;126.99
181;145;129.74
182;140;129.42
183;141;129.03
184;137;130.96
185;137;133.49
186;128;131.75
187;137;132.16
188;142;132.06
189;137;135.08
190;136;134.2
191;130;128.7
192;130;128.3
193;131;122.39
194;129;130.25
195;129;127.42
196;129;130.36
197;129;126.26
198;129;128.71
199;132;127.44
200;132;129.16