-9.776779982543700731e-01
9.893057848556916500e-01
-2.036297271795247110e-01
-1.888481181202404657e-01
-9.382380834201764497e-01
9.850300136892142788e-01
-3.112860044317385388e-01
6.424349851292231461e-01
6.043211210260414079e-01
8.849531562493428982e-01
-8.359766591125107338e-01
-7.659212680689629904e-01
-3.769994574830310974e-01
9.895539603692327102e-01
-9.703951422626148071e-01
9.785917982430251127e-01
9.569842976694233061e-02
9.826332747484815000e-01
-7.929028926001133737e-01
-7.516845874431096197e-01
