-4.597734460568891346e-01
1.141673694438153586e+00
-2.637390681360135547e-01
6.518578485912190912e-02
-4.636130595278263322e-01
2.657615464890665802e-01
-3.043356606639415207e-01
4.390618381888248822e-01
5.741250276941763930e-01
8.505014585128194415e-01
-9.632706915715148754e-02
-9.945740963478792995e-01
-3.476831486683832351e-01
2.711927569287138517e+00
-4.337234832909585558e-01
1.406946674703887012e+00
8.922347984561806999e-02
5.571862684021716028e+00
-1.120041384933845752e+00
-1.097033987145061562e-01
