
0;7;3.95
1;7;3.87
2;5;4.05
3;7;4.01
4;10;3.82
5;10;4.06
6;7;3.99
7;9;4.61
8;9;5.7
9;10;6.52
10;11;7.23
11;16;7.66
12;14;9.24
13;17;10.0
14;19;10.12
15;21;11.23
16;20;13.39
17;25;14.56
18;26;16.89
19;27;17.67
20;28;18.97
21;26;19.57
22;27;20.26
23;27;23.13
24;30;24.19
25;28;25.2
26;28;26.15
27;25;26.31
28;25;26.68
29;25;26.16
30;32;27.07
31;32;27.57
32;33;27.51
33;30;27.91
34;29;28.48
35;32;27.8
36;32;27.87
37;32;28.52
38;32;28.01
39;32;29.7
40;32;28.61
41;32;27.92
42;31;28.88
43;29;28.62
44;31;27.42
45;31;27.64
46;30;26.52
47;31;27.88
48;30;26.99
49;30;26.94
50;31;26.8
51;31;26.56
52;31;26.05
53;29;26.72
54;29;27.12
55;28;26.96
56;28;27.96
57;28;28.02
58;28;27.18
59;28;26.53
60;28;26.74
61;28;27.85
62;31;26.75
63;31;27.38
64;31;27.47
65;28;27.74
66;28;27.22
67;28;25.79
68;28;25.14
69;28;25.91
70;28;25.56
71;28;24.89
72;28;24.88
73;29;26.71
74;29;25.53
75;29;26.22
76;29;27.01
77;29;26.55
78;29;26.58
79;29;26.9
80;28;27.05
81;28;26.73
82;27;25.89
83;28;25.5
84;28;25.69
85;28;25.03
86;28;25.27
87;28;25.22
88;28;25.85
89;28;25.11
90;28;25.44
91;28;24.72
92;28;25.22
93;28;26.05
94;28;24.81
95;28;25.08
96;28;25.62
97;28;25.55
98;28;25.79
99;28;25.73
100;28;25.11
101;28;24.61
102;28;26.2
103;28;25.25
104;28;24.95
105;28;24.81
106;28;24.91
107;28;25.34
108;28;24.73
109;28;25.12
110;28;25.26
111;28;25.5
112;28;24.89
113;28;24.88
114;28;25.16
115;28;25.4
116;28;25.52
117;28;25.53
118;28;25.77
119;28;24.47
120;28;24.15
121;28;25.18
122;28;25.79
123;28;25.6
124;28;25.5
125;28;25.52
126;28;24.82
127;28;25.86
128;28;25.32
129;28;24.95
130;28;25.57
131;28;24.76
132;28;24.51
133;28;24.72
134;28;25.32
135;28;24.88
136;28;25.42
137;28;25.11
138;28;25.33
139;28;26.11
140;28;24.9
141;28;25.93
142;28;25.04
143;28;25.17
144;28;24.96
145;28;25.92
146;28;25.56
147;28;25.52
148;27;25.51
149;28;25.87
150;28;25.05
151;28;25.59
152;28;25.82
153;28;25.38
154;28;24.93
155;28;25.47
156;28;25.4
157;28;25.41
158;28;25.71
159;28;25.15
160;28;25.48
161;28;26.0
162;28;26.01
163;29;25.35
164;29;25.75
165;29;24.58
166;29;26.13
167;30;26.3
168;30;27.67
169;30;27.64
170;28;27.27
171;31;27.16
172;28;27.24
173;31;27.09
174;31;26.32
175;31;26.23
176;31;26.77
177;31;27.39
178;31;27.63
179;31;27.31
180;31;26.34
181;33;25.76
182;33;26.13
183;33;26.43
184;31;27.59
185;31;28.01
186;28;27.05
187;31;27.41
188;28;27.43
189;29;26.95
190;29;27.41
191;29;27.87
192;29;28.07
193;28;26.95
194;31;27.29
195;29;27.08
196;31;27.04
197;31;26.81
198;31;26.36
199;31;26.31
200;31;26.4