
0;3;3.98
1;6;3.7
2;6;3.81
3;4;3.54
4;4;3.73
5;4;4.18
6;4;4.01
7;4;4.13
8;7;4.68
9;9;4.6
10;8;5.07
11;11;5.49
12;11;6.01
13;13;7.24
14;19;9.03
15;26;9.48
16;37;12.16
17;40;16.08
18;38;21.29
19;40;24.44
20;40;26.61
21;42;30.43
22;40;31.99
23;41;35.13
24;41;33.56
25;43;35.43
26;45;35.07
27;43;37.11
28;43;35.0
29;36;33.91
30;33;36.93
31;50;39.28
32;50;41.33
33;40;42.14
34;43;41.34
35;44;40.24
36;44;42.25
37;44;42.82
38;44;43.14
39;44;43.36
40;48;43.57
41;48;43.09
42;44;41.16
43;44;40.12
44;44;42.77
45;44;41.42
46;44;41.58
47;44;42.67
48;45;43.19
49;46;43.14
50;49;40.56
51;42;42.84
52;42;41.25
53;45;41.63
54;42;41.22
55;42;39.77
56;42;40.82
57;42;38.25
58;45;39.86
59;45;42.13
60;45;40.9
61;42;41.02
62;42;42.2
63;45;39.86
64;45;41.43
65;45;41.19
66;45;39.46
67;45;39.52
68;45;40.25
69;45;40.09
70;42;38.67
71;42;39.04
72;42;41.1
73;45;41.99
74;45;42.22
75;45;43.1
76;45;41.46
77;45;39.28
78;45;41.85
79;45;41.64
80;42;39.15
81;42;41.8
82;46;38.07
83;42;40.4
84;47;38.57
85;47;39.82
86;42;39.61
87;42;41.44
88;42;42.09
89;42;43.09
90;51;42.71
91;42;43.05
92;42;42.25
93;51;41.55
94;50;42.0
95;46;42.22
96;46;43.61
97;46;42.89
98;50;43.31
99;50;44.09
100;50;43.34
101;50;43.05
102;50;42.0
103;45;42.74
104;51;42.78
105;45;45.03
106;50;41.7
107;50;41.94
108;50;41.3
109;48;43.44
110;50;46.88
111;44;42.17
112;49;44.91
113;50;43.68
114;44;43.05
115;44;44.5
116;44;44.92
117;47;43.72
118;47;42.13
119;47;42.72
120;47;43.07
121;47;44.18
122;47;41.34
123;47;42.87
124;47;43.72
125;47;42.8
126;47;43.26
127;45;44.56
128;47;42.81
129;47;43.01
130;47;43.02
131;47;44.47
132;46;44.9
133;46;42.19
134;62;40.9
135;62;41.49
136;62;40.06
137;45;40.77
138;45;40.92
139;45;41.18
140;45;41.89
141;45;42.3
142;50;42.0
143;50;41.46
144;50;42.19
145;52;43.98
146;52;43.4
147;50;44.72
148;53;44.68
149;49;44.88
150;50;44.25
151;47;45.4
152;47;45.13
153;52;46.66
154;47;46.0
155;47;46.16
156;47;45.93
157;48;45.9
158;48;44.23
159;48;43.6
160;48;44.56
161;48;45.85
162;48;46.59
163;46;47.33
164;48;46.42
165;47;45.6
166;53;47.61
167;53;46.69
168;53;45.96
169;48;47.44
170;48;47.91
171;48;48.37
172;48;46.01
173;42;48.43
174;42;49.92
175;61;48.42
176;42;49.05
177;46;47.44
178;49;43.7
179;62;47.35
180;62;47.12
181;60;48.68
182;52;47.69
183;62;48.31
184;62;51.31
185;64;50.76
186;64;46.49
187;50;46.65
188;50;48.02
189;48;49.83
190;51;48.9
191;51;52.36
192;52;51.48
193;52;48.14
194;51;48.95
195;47;48.1
196;53;47.61
197;52;48.64
198;52;47.64
199;53;49.54
200;54;51.62