-5.037019770898878424e-01
1.163404815091653166e+00
-2.885714027662933390e-01
6.050867009946830216e-02
-4.987187321887716074e-01
2.540539109320171240e-01
-3.543912625131435679e-01
4.324899446180662244e-01
5.764201780680939802e-01
8.705974234251451227e-01
-9.010011563820993774e-02
-5.310842440868085435e-01
-4.034279385516634786e-01
2.460317971492391287e+00
-5.172602538580993725e-01
1.411885961273013912e+00
8.301639243681896430e-02
-9.814328206998113036e-01
-5.172649991372051392e-01
-1.030070837421534352e-01
