-2.238346002648174959e-01
1.281815959779719849e+00
-1.968024374505310259e-01
6.206117179007217960e-02
-2.224277069154007302e-01
2.717249015464976991e-01
-2.060152097375923808e-01
4.703256993859722956e-01
6.317044420588876497e-01
9.614517609599148029e-01
-8.479777294284518430e-02
-2.978402093750062707e-01
-2.094043722956239195e-01
2.462810666244717783e+00
-2.284256735577544495e-01
1.538985440101208857e+00
8.577454767968525906e-02
3.729955378284116385e+00
-3.075552644613825382e-01
-9.579691764061347425e-02
