-4.963634648919810766e-01
-6.056981667548408055e+00
-9.602478605527937638e-01
-1.138064705526078191e+00
-6.078039009757221223e-01
-1.753508853511935417e+00
-1.081586728719435841e+00
-2.474658760861494500e+00
-3.125475840489531976e+00
-4.570987888593484705e+00
-8.650424767280737726e-01
-8.609753579033222470e-01
-1.153453844132578343e+00
-1.161035244451151982e+01
-9.499246008261696961e-02
-7.253107888393357072e+00
-1.197308594529299608e+00
-1.669816043063572764e+01
-1.573359725556227495e+00
-8.540197852394315614e-01
