-8.639655551599165761e-01
1.322074239889379665e+00
-2.512421341002084585e-01
6.309885294612385676e-02
-8.616932110039787762e-01
2.889582310189294789e-01
-3.000723731698080043e-01
5.078082261858579693e-01
6.804317174919364275e-01
1.012332499179559253e+00
-8.400680536386177788e-02
-1.078092605110065216e+00
-3.108148190388655419e-01
2.480756880364466177e+00
-8.885602716076923535e-01
1.572537590882060687e+00
8.776983869346016709e-02
3.580568415760860823e+00
-1.722523222905218976e-01
-9.511996893936555675e-02
