-3.142034839745252439e-01
1.262188584653489265e+00
-2.645461999807259823e-01
6.050857343301949132e-02
-3.154165341216214613e-01
2.555830085628249537e-01
-2.993716743257929247e-01
4.413987683369069992e-01
5.970106678097123476e-01
9.282808808118186983e-01
-8.992397836690048385e-02
-2.371266268928171883e-01
-3.144570686133945636e-01
2.491139612804844194e+00
-3.099256169041947895e-01
1.533943253693614617e+00
8.302693094890707670e-02
3.663431561505322342e+00
-2.270635728537841180e-01
-1.027069644297446682e-01
