-5.018699765156301451e-01
-6.428810481621276551e+00
-9.674731359904493733e-01
9.487724707864650942e-01
-5.399387924644212244e-01
3.890273365787713655e-01
-1.792811667204550652e+00
-2.011339480814393177e+00
-1.105583326605032113e+00
-4.220921253850359101e+00
-1.877644088199138805e-02
-1.345814457797096519e+00
-7.764243270068997838e-01
-1.216851418231163251e+01
-3.709704332849932396e-01
-7.846946734419740110e+00
-6.950966465625507684e-01
-1.691265902416948208e+01
-1.605153185543225058e+00
-8.143147595650011006e-01
