-6.147720992845672194e-01
-7.938951702720146164e-01
-8.127127015986516101e-01
-4.363818767805968668e-01
-6.078112069852399379e-01
-3.154362399488421786e-01
-7.388845870507632085e-01
-3.310695389023076696e-01
-3.943094330998869190e-01
-5.888896417687854434e-01
-6.573232302855215314e-01
-9.993197544405999500e-01
-6.600518717040395611e-01
-6.205505605626933097e-01
-6.425374508827230713e-01
-9.271004190872944584e-01
-4.124473979349637109e-01
5.306774918342144209e-01
-9.833779630773509250e-01
-6.783264293300232950e-01
