-2.215119207066023943e+00
6.331962871552351935e+00
-1.406504882800465150e+00
1.347762441474129325e-01
-2.250484430278034687e+00
6.768086161607749229e-01
-2.468135506696199855e+00
2.111514510891641105e+00
3.132929331568256259e+00
4.976770541532888004e+00
6.662468813923162758e-02
-3.844972073455129591e-01
-2.916813190358445773e+00
8.378644106070002096e+00
-2.191647542420532613e+00
7.115181130103349183e+00
1.176591834997001672e-02
8.306666256564321671e+00
-5.723819677617707491e-01
-7.150712334692423122e-02
