-3.192716127435538676e-01
1.346253943272709641e+00
-2.844675957989162840e-01
6.621775511374683454e-02
-3.205771562401958930e-01
2.900200562257542747e-01
-3.390393819817354437e-01
4.934243358082809339e-01
6.518118268418132688e-01
9.573016653728345648e-01
-8.684578175132320887e-02
-2.520909083560577413e-01
-3.434756820250475795e-01
2.132500789653495765e+00
-3.154553425979477188e-01
1.672183305099635753e+00
9.173502953713272290e-02
2.907669008559644386e+00
-2.414431716554217011e-01
-9.779201756831426562e-02
