-6.950223161411472894e-01
1.476849036226611123e+00
-8.003746321932904140e-01
-8.960599852653294839e-01
1.487371273363286561e-01
-7.517560576380339921e-01
-7.648977767662834548e-01
-2.753217252430041340e-01
1.205195653997052085e-01
7.300512440214467214e-01
-1.073599045074191460e+00
-4.964189344603910925e-01
-7.395705118909201570e-01
-7.292642627788252785e-01
1.112424612178015693e-01
-1.050945727097660098e+00
-1.870630123101164888e-01
1.939839883568812207e+00
-4.928644644733964908e-01
-8.348082004462535899e-01
