-2.439633795760332013e-01
1.370834984151232838e+00
-2.446323811634428247e-01
6.035435574767615552e-02
-2.465511503485325606e-01
2.474915205875203861e-01
-2.664483303704545114e-01
4.138956234963998559e-01
5.524950716415611973e-01
8.971267013506135646e-01
-8.929875513623329597e-02
-1.879536099779982039e-01
-2.704332594349089791e-01
2.591050080061519267e+00
-2.360066186132040722e-01
1.802404838663446807e+00
8.264316728241052901e-02
2.340283856939458840e+00
-1.905205889456371704e-01
-1.017616636418108983e-01
