-2.701439116043730104e-01
-8.099874839780040858e+00
-1.593719442813992249e-01
-5.511267737900102937e-01
-9.667070294560081711e-02
-6.144134720414560213e-01
-1.869404876915120584e-01
-1.291525048730621350e+00
-1.704581960460549883e+00
-4.013676516902286551e+00
-4.514662915279036848e-01
-1.202219914297883996e-01
-1.544817909970789827e-01
3.191041505552661972e-01
-2.901272433165883458e-01
2.985071204413171486e+01
-6.637817061282565989e-01
-3.280352025652049086e-01
-5.435917981650060238e-01
-4.336670702721229786e-01
