-1.405915408493360497e+00
1.284243187284852539e+00
-2.461337393468576717e-01
1.393511526769357078e-01
-1.401259568963029833e+00
7.719015501534516321e-01
-5.202091967396064165e-01
7.341565453095737492e-01
7.509081607070142717e-01
9.456004174597787415e-01
-2.654128511490000397e-01
-9.372034917093651218e-01
-8.815070449587387724e-01
1.437455855811948569e+00
-1.394374659816841833e+00
1.506487674270542643e+00
2.462112996769384166e-01
1.313036531077085511e+00
-9.273622701106256638e-01
-2.834198469818764443e-01
