
0;7;3.74
1;4;3.65
2;5;3.92
3;5;3.94
4;5;4.23
5;5;5.09
6;5;5.75
7;5;6.18
8;9;6.43
9;5;7.06
10;7;7.27
11;7;7.48
12;7;8.15
13;6;8.83
14;6;10.41
15;12;11.7
16;13;12.57
17;13;12.54
18;13;13.17
19;13;14.69
20;13;16.13
21;17;17.6
22;17;17.65
23;17;18.26
24;24;19.41
25;14;19.24
26;34;19.68
27;28;20.81
28;28;20.17
29;31;20.21
30;29;22.54
31;32;23.78
32;39;25.55
33;22;26.55
34;21;27.04
35;26;27.14
36;30;27.45
37;47;28.52
38;47;30.82
39;40;33.57
40;42;34.49
41;42;33.92
42;47;36.45
43;46;39.29
44;46;41.36
45;49;41.24
46;55;44.09
47;90;45.22
48;88;48.48
49;38;49.87
50;87;54.49
51;87;54.37
52;87;59.99
53;83;65.78
54;86;66.6
55;92;72.82
56;81;71.99
57;88;75.27
58;35;74.75
59;77;76.77
60;76;82.96
61;76;83.81
62;76;84.77
63;78;84.91
64;78;85.35
65;79;82.61
66;79;78.63
67;79;81.56
68;77;82.88
69;77;80.38
70;77;82.3
71;77;77.88
72;76;75.63
73;76;77.34
74;76;78.28
75;76;77.53
76;73;76.03
77;73;76.2
78;85;72.71
79;85;76.9
80;77;75.76
81;76;75.4
82;76;73.11
83;76;74.13
84;84;75.75
85;84;77.88
86;84;77.43
87;79;76.69
88;79;79.94
89;79;77.96
90;79;77.63
91;79;75.98
92;72;78.0
93;81;77.68
94;83;80.17
95;81;82.06
96;81;80.72
97;81;81.33
98;81;81.74
99;81;81.74
100;81;81.64
101;78;81.86
102;81;84.16
103;81;81.32
104;81;85.28
105;80;81.75
106;80;79.09
107;82;78.71
108;80;76.62
109;80;78.37
110;80;80.61
111;89;78.54
112;89;80.3
113;89;81.79
114;89;82.82
115;80;83.41
116;106;84.81
117;106;85.82
118;105;89.98
119;105;88.29
120;100;90.2
121;106;89.41
122;106;92.62
123;105;93.55
124;105;95.17
125;106;94.38
126;106;97.58
127;103;94.29
128;103;92.46
129;103;94.04
130;103;97.43
131;103;95.7
132;103;88.76
133;103;94.75
134;103;97.5
135;104;95.56
136;108;96.39
137;105;98.1
138;105;92.72
139;109;97.96
140;105;97.3
141;105;96.6
142;104;96.34
143;104;99.77
144;106;99.0
145;114;98.9
146;113;100.11
147;113;97.6
148;113;99.43
149;113;103.12
150;113;100.39
151;113;101.31
152;113;100.87
153;115;102.55
154;115;103.71
155;118;103.02
156;116;102.52
157;117;101.6
158;116;99.81
159;118;104.13
160;118;103.24
161;113;98.51
162;113;92.06
163;113;95.46
164;113;98.11
165;113;98.94
166;113;97.2
167;113;100.07
168;110;95.49
169;110;99.02
170;116;97.26
171;114;98.93
172;114;98.5
173;111;100.74
174;127;103.06
175;127;101.47
176;127;103.41
177;118;100.01
178;118;102.41
179;118;103.71
180;103;101.63
181;100;96.48
182;100;95.06
183;101;98.66
184;103;101.0
185;96;100.42
186;96;95.93
187;96;98.59
188;111;100.84
189;102;97.41
190;102;101.17
191;100;99.97
192;99;95.88
193;103;95.54
194;108;101.35
195;100;97.34
196;100;97.35
197;102;100.33
198;102;97.64
199;106;99.71
200;102;100.06