-3.027304192935386107e-01
6.696248628167316141e+00
-6.523173368592184440e-01
-8.893790320269741312e-02
-7.990413898709153306e-01
1.750293127800353066e-01
-2.985391214091353440e+00
8.225901372231182451e-01
2.140590771751957000e+00
5.153761238772935904e+00
-2.222875946937279412e-01
7.523823244234133512e-01
1.979638733783509297e+00
7.280612820407299068e+01
5.795482519413033828e-02
3.017633750511883761e+01
-6.007799467390137482e-02
1.068836638361747609e+05
8.090814864888352664e-01
-2.347891700938011250e-01
