-4.975338758498072167e+00
6.100330368425264993e+00
-1.104486972297724856e+00
7.010952892163706540e-01
-5.045498876168155178e+00
7.446006016185067189e-01
-3.194162274097605891e+00
1.477736436046888091e+00
1.375281272589272241e+00
1.422341286561329632e+00
2.335163576229959126e-01
-6.701188048230511951e-01
-2.728488084132806524e+00
2.051816980954899172e+00
-4.714847489022761629e+00
5.628327652664778746e+00
7.560756724721098276e-01
-7.292865144825483315e-02
-2.446009072818285945e-01
1.768933715916157778e-01
