1.243655042091836721e-01
6.309453189051113853e+00
-2.068101791210582019e-01
2.339148108994917319e-01
1.131098763541779767e-01
2.658673090106837833e-01
-9.903450066286485776e-02
2.001551575603186528e+00
3.044535855034947947e+00
4.713833315391504186e+00
-1.208368727332688325e-01
4.876899388507507371e-01
-3.904850758240783343e-02
1.768261595228135619e+01
1.582566333797298108e-01
7.800671752957859084e+00
-2.213165602500704113e-02
4.593665682102426331e+02
5.221251404922910844e-01
2.031641848594241753e-02
