-4.207444421986126670e+00
1.407929345006234234e+00
-6.406082555457642824e-02
1.217059833871307617e-01
-6.284346980818026340e-01
8.355563069915642460e-01
-1.637718193517001541e+00
1.422562754436167864e+00
1.593037034913389882e-01
4.915408196218685744e-01
-9.461080032878846358e-02
-7.048171186223901596e-01
-2.437611735168781379e+00
5.140457356666963129e+00
-1.895817428000702742e+00
-2.757399936991007383e+00
9.747573298276847320e-02
1.953975386801065994e+01
-6.326196939442175760e-01
-6.111169708120341854e-02
