-4.596976940908529263e-01
-4.596976941318582366e-01
-4.596976941318602350e-01
-4.596976941318602350e-01
-4.596976941125533456e-01
-4.596976941318602350e-01
-4.596976941318602350e-01
-4.596976941318602350e-01
-4.596976941318602350e-01
-4.596976941318602350e-01
-4.596976941318602350e-01
-4.593510379555573175e-01
-4.596976941318602350e-01
-4.594985538890780097e-01
-4.596976937961686493e-01
-4.596976941289093732e-01
-4.596976941318602350e-01
1.391562160491962352e+00
-4.586570235222423575e-01
-4.596976941318602350e-01
