-6.764195333157980716e-01
9.917103891225691470e-01
-3.572971821406655257e-01
-1.507092805990541684e-01
-6.906688296327784249e-01
9.791912352442692091e-01
-6.145259511540283048e-01
9.999890115828370396e-01
9.984567342497521203e-01
9.844118015885172657e-01
-8.489590093971307594e-01
-7.420134064095744719e-01
-7.409242070479449271e-01
6.302167522424317880e-01
-6.321000576770990920e-01
9.938240594799399030e-01
1.260759805214187457e-01
3.296912731856608825e-01
-8.107986036074856795e-01
-8.065372344016591422e-01
