-5.799499814110796736e-01
1.382903336349333490e+00
-3.766744183945838209e-01
-1.843600235139919441e-01
-6.003267392428451865e-01
1.618826956442459553e-01
-7.630893181198330488e-01
5.199797775437339231e-01
6.252790874651679154e-01
9.989252359268212533e-01
-3.587280480495910195e-01
-3.069809680975541522e-01
-9.293666563320550633e-01
2.405647839418066702e+00
-5.254753628588517689e-01
1.671412434819588455e+00
-1.516659200414914865e-01
2.670607918244340073e+00
-3.031263829025321321e-01
-4.020235215456317568e-01
