-5.792530039195807889e-01
1.205203633778711314e+00
-3.092678955693564657e-01
9.525129603977383619e-02
-5.835017787233058861e-01
4.341702389245091220e-01
-3.560185499074327575e-01
6.857498010520461929e-01
8.270757314986108000e-01
1.020494702332390258e+00
-1.158419203751139548e-01
-2.938301067112719656e-01
-3.930866395795005186e-01
2.175603807064226736e+00
-5.285332811197697156e-01
1.392134443479427608e+00
1.336081769495726379e-01
2.889116514059665519e+00
-5.689759298979923940e-01
-1.301070968506506664e-01
