
0;3;3.57
1;5;3.55
2;5;3.46
3;5;3.21
4;5;3.32
5;5;3.41
6;5;3.41
7;5;3.94
8;5;4.24
9;5;5.82
10;26;6.88
11;28;8.07
12;9;9.4
13;9;10.96
14;11;12.39
15;11;14.45
16;13;14.45
17;15;16.27
18;16;19.29
19;16;22.57
20;15;24.72
21;14;31.83
22;13;32.65
23;14;37.43
24;14;39.71
25;33;43.07
26;48;43.82
27;32;43.23
28;31;42.57
29;27;42.29
30;27;46.66
31;56;50.58
32;29;44.17
33;57;43.73
34;47;45.45
35;57;47.39
36;58;45.96
37;51;45.77
38;51;48.02
39;25;48.63
40;62;53.48
41;55;58.5
42;55;62.68
43;53;63.65
44;70;67.31
45;62;70.25
46;78;73.76
47;57;74.85
48;78;72.5
49;102;74.63
50;102;76.88
51;103;76.56
52;76;73.9
53;77;72.13
54;79;77.22
55;180;79.7
56;176;80.34
57;176;86.09
58;91;82.8
59;89;82.25
60;82;79.69
61;89;85.62
62;97;78.06
63;87;81.5
64;77;79.41
65;94;77.88
66;89;78.44
67;79;84.75
68;69;90.12
69;69;88.63
70;69;89.17
71;83;89.67
72;83;94.43
73;98;91.98
74;98;94.49
75;98;92.5
76;98;93.89
77;97;91.41
78;90;89.98
79;91;91.87
80;95;92.03
81;95;86.39
82;98;89.65
83;89;91.87
84;95;92.54
85;93;90.1
86;99;93.49
87;91;96.97
88;91;96.03
89;93;101.18
90;93;101.84
91;109;103.84
92;110;103.69
93;108;99.19
94;108;104.26
95;108;107.07
96;108;106.26
97;107;105.31
98;107;101.89
99;111;106.78
100;107;104.01
101;107;106.31
102;100;103.29
103;100;97.42
104;100;100.33
105;102;100.47
106;107;98.98
107;111;100.43
108;110;97.74
109;108;98.13
110;100;98.23
111;100;100.91
112;91;102.69
113;91;104.69
114;109;100.57
115;116;103.04
116;116;105.02
117;99;102.19
118;99;100.35
119;98;101.55
120;97;105.52
121;102;104.75
122;103;99.88
123;101;105.89
124;101;106.07
125;110;101.53
126;110;104.25
127;110;101.69
128;129;100.03
129;129;103.48
130;132;104.96
131;132;107.25
132;132;107.91
133;110;111.62
134;110;105.9
135;110;110.3
136;107;110.24
137;107;107.61
138;134;108.08
139;134;108.07
140;125;110.26
141;136;110.77
142;133;111.75
143;127;113.86
144;133;110.97
145;127;106.76
146;129;110.61
147;129;113.49
148;130;115.7
149;156;112.82
150;156;115.65
151;153;121.93
152;150;118.5
153;153;122.37
154;151;124.14
155;144;127.79
156;153;125.93
157;151;127.95
158;160;130.1
159;160;137.8
160;160;142.23
161;160;142.07
162;160;144.67
163;160;144.4
164;154;143.07
165;146;139.49
166;146;136.88
167;145;143.31
168;149;145.33
169;157;145.33
170;156;149.22
171;136;148.83
172;155;142.92
173;155;143.45
174;135;138.97
175;137;134.22
176;127;134.95
177;137;143.32
178;137;141.36
179;138;145.9
180;138;142.82
181;143;150.08
182;143;147.87
183;143;150.85
184;143;147.96
185;145;149.12
186;142;151.14
187;155;146.24
188;150;145.09
189;125;147.48
190;141;144.07
191;173;147.72
192;173;143.43
193;167;148.5
194;181;153.42
195;183;153.96
196;158;149.95
197;186;155.07
198;193;152.5
199;140;148.6
200;174;156.02