9.979526506016784745e-03
9.939170120630661520e-01
-8.375284369110234106e-01
1.626976803327133403e-01
-2.328977968589781844e-01
5.549042417581943054e-01
-9.996988517997124069e-01
7.758374916096496543e-01
8.859707804281879984e-01
9.889557311656775873e-01
-2.699180272249304124e-01
-1.214203385329057187e-02
-9.963655901773958989e-01
7.115059518436577246e-01
8.915124413813044768e-01
9.590886699625199574e-01
2.182401037084545359e-01
3.114210633054864119e-01
2.337630803288064940e-01
-3.092993432765293038e-01
