-3.017842446669226075e-01
1.266370111089741179e+00
-2.693927103280029933e-01
6.051754234093420504e-02
-3.040414139085035883e-01
2.555621226756634723e-01
-3.048826777256374854e-01
4.406797025443198734e-01
5.954631495141450293e-01
9.268146265459065170e-01
-9.001940759637208633e-02
-2.360843633924097351e-01
-3.174358489906698999e-01
2.553705122401047412e+00
-2.945901961441168559e-01
1.547775563348703365e+00
8.304541258509680335e-02
3.380554361218472081e+00
-2.354300038011173102e-01
-1.028608993267417226e-01
