-4.820718281428958835e-02
1.267226586548825473e+00
-2.532872659208688648e-01
6.452090469824953156e-02
-5.780876738694371020e-02
3.113455377936114044e-01
-2.353223781834256068e-01
5.462406231738219375e-01
7.148617860813007985e-01
9.908091152574373117e-01
-8.601174377516070113e-02
2.259141196075172831e-01
-1.940431261518456851e-01
2.514009135713753285e+00
-1.987410017092880801e-02
1.528921893037374469e+00
9.058189761487996094e-02
3.793582886709386592e+00
2.498146442152115454e-01
-9.870208013692806370e-02
