-2.855612942853098524e-01
1.278694290839179626e+00
-2.100725663887866579e-01
6.215109391108263048e-02
-2.767439237197155122e-01
2.737575993262045260e-01
-2.302534254680742853e-01
4.750101717695691672e-01
6.376845562504731557e-01
9.653201728784961411e-01
-8.492174884071496122e-02
-4.794308105704923606e-01
-2.393011431424594826e-01
2.532740821004188181e+00
-3.138310430799535200e-01
1.531450508822731704e+00
8.596043622140492335e-02
4.024436747508170598e+00
-3.544022797084685483e-01
-9.602422423856435407e-02
