-6.106258418635268637e-01
1.503108186983962202e+00
-3.223257180714282910e-01
9.440029578382484743e-02
-5.502031449159983101e-01
3.959207998523937011e-01
-3.354152854835266706e-01
6.579618559504868402e-01
8.556655944191765562e-01
1.205339863186719818e+00
-1.329113104551033209e-01
-6.182313635683841513e-01
-3.477037322883680948e-01
2.561928331119609936e+00
-6.076027339272315198e-01
1.756071684886215012e+00
1.298421640749033990e-01
3.287734284460778422e+00
-6.455254417380926757e-01
-1.505150175304953708e-01
