-7.028131480264762088e-01
1.251020009246387943e+01
-5.093349178212125405e-01
1.363899707334000344e-01
-6.995278833026875587e-01
6.710614917282478054e-01
-5.849142294685417687e-01
1.362445981715918464e+00
2.141280785133660380e+00
4.937896217882399519e+00
-1.835863161748383099e-01
-7.649525792217142239e-01
-6.302007473032743556e-01
-1.215273358940685178e+01
-7.118406679830630024e-01
4.814337497745660244e+01
1.902726292211180392e-01
-7.495463634672428377e+00
-7.686153026486617357e-01
-2.081981907596500703e-01
