-4.917664926067997766e-01
1.344126067572717353e+00
-6.180878459557396232e-01
5.746296945756262931e-02
-4.933829950882516746e-01
3.974062401824103308e-01
-5.011135341952255295e-01
5.287256912693718558e-01
6.827140505470237208e-01
1.013055738271201545e+00
-9.081255098971988127e-02
-4.013289365345943938e-01
-5.011640912086723354e-01
2.595924111789988054e+00
-4.862844740361029761e-01
1.614237269323999691e+00
7.599737388640336044e-02
3.926349350531092686e+00
-3.899743645613754084e-01
-1.031457121505925251e-01
