
0;3;3.63
1;8;3.87
2;7;3.85
3;7;4.44
4;7;4.81
5;5;5.57
6;3;5.97
7;11;6.36
8;3;6.33
9;7;6.09
10;13;5.99
11;3;6.04
12;11;6.18
13;11;6.03
14;13;5.31
15;9;4.71
16;9;4.09
17;9;3.83
18;9;3.72
19;9;3.21
20;3;3.22
21;3;3.18
22;3;3.12
23;3;3.18
24;3;3.09
25;3;3.1
26;3;3.09
27;3;3.22
28;3;3.16
29;3;3.13
30;3;3.11
31;3;3.14
32;9;3.15
33;3;3.22
34;9;3.26
35;3;3.36
36;3;3.27
37;3;3.24
38;3;3.05
39;3;3.13
40;3;3.01
41;8;3.11
42;8;3.18
43;8;3.49
44;11;4.19
45;11;5.02
46;11;6.92
47;11;7.84
48;16;9.52
49;16;10.15
50;16;10.82
51;16;10.0
52;27;10.23
53;27;13.31
54;32;15.61
55;34;19.55
56;18;22.97
57;30;26.26
58;34;29.3
59;18;30.81
60;35;31.64
61;47;30.16
62;32;28.56
63;36;29.56
64;45;33.22
65;56;34.3
66;67;35.32
67;72;35.93
68;65;37.3
69;63;41.28
70;65;45.06
71;65;51.13
72;66;50.32
73;59;51.45
74;58;57.19
75;58;65.18
76;58;70.84
77;60;72.19
78;113;83.93
79;127;90.2
80;127;96.2
81;127;101.35
82;123;101.89
83;127;110.13
84;127;115.77
85;126;129.9
86;125;135.89
87;125;132.83
88;107;137.2
89;127;138.81
90;124;134.4
91;141;132.67
92;180;126.98
93;200;119.43
94;134;124.16
95;166;133.3
96;141;128.28
97;207;139.43
98;213;138.87
99;215;141.94
100;215;149.43
101;219;159.55
102;215;169.22
103;215;175.42
104;219;191.8
105;207;196.75
106;196;194.86
107;196;196.74
108;193;193.42
109;193;195.71
110;193;191.77
111;193;186.84
112;193;183.32
113;197;183.65
114;197;184.64
115;197;182.43
116;197;183.5
117;193;190.76
118;191;185.24
119;204;180.56
120;204;191.39
121;199;193.03
122;199;185.08
123;196;187.0
124;193;186.93
125;196;190.33
126;197;189.98
127;193;195.47
128;201;192.52
129;208;193.45
130;225;192.61
131;232;191.98
132;232;196.09
133;234;197.79
134;191;204.8
135;191;206.86
136;199;207.49
137;199;208.8
138;241;207.02
139;237;213.08
140;237;218.07
141;236;216.02
142;236;215.3
143;236;217.32
144;223;207.41
145;216;219.15
146;216;220.79
147;216;218.58
148;226;215.25
149;203;214.5
150;203;213.99
151;203;209.22
152;230;207.35
153;208;212.42
154;208;211.13
155;233;212.82
156;233;211.95
157;227;212.74
158;257;209.34
159;232;218.73
160;229;225.68
161;234;224.02
162;234;226.77
163;237;227.34
164;237;227.16
165;237;233.36
166;239;235.92
167;239;233.77
168;237;231.57
169;237;233.0
170;232;230.86
171;237;233.92
172;237;232.35
173;237;235.9
174;240;227.62
175;232;228.81
176;231;230.88
177;231;232.96
178;230;232.12
179;230;227.21
180;230;225.54
181;231;224.27
182;229;226.86
183;234;229.78
184;234;222.32
185;238;222.2
186;238;228.74
187;229;227.43
188;229;226.9
189;229;226.02
190;231;222.67
191;229;224.34
192;236;223.7
193;236;225.69
194;236;225.19
195;236;228.74
196;240;227.74
197;240;221.67
198;240;217.36
199;254;223.29
200;241;224.36