-2.652863573218694482e-01
1.048030761774577435e+00
-2.397869896399541789e-01
6.032347002022114824e-02
-2.662178989703986587e-01
2.459901354087400960e-01
-2.619186957237233937e-01
4.067548960907146904e-01
5.323360877135201452e-01
7.877222422489981168e-01
-8.914080234956958670e-02
-2.329428203230206051e-01
-2.696644565610441524e-01
2.518243908513008833e+00
-2.622091404054183728e-01
1.275205013806645971e+00
8.256829564378656561e-02
1.132866823105008613e+01
-2.328362657503693089e-01
-1.015178704179866415e-01
