-7.535266636940178842e-01
3.002273134870728111e+00
-9.574700714232396992e-01
-7.751905575981331564e-01
-7.922213966528460771e-01
-1.652818047263424184e+00
-1.296731575862260843e+00
-3.273794318500143352e-01
1.080905410811323769e-01
4.186803871421126644e+00
8.998800341664715541e-01
5.260550676598119146e-01
-1.262081694193157633e+00
6.276563269236758558e+00
-6.366036688154108614e-01
6.622178399670222149e+00
1.950736491525189686e+00
9.790813056617331256e+00
6.373257109237091544e-01
-9.078637685131405455e-01
