-1.828424890109884848e-01
1.374533042949166894e+00
-2.273147241344281866e-01
-1.604748826774524684e-01
-1.824894407698509080e-01
3.992113899785172948e-01
-2.852360934243852730e-01
4.395320913232962368e-01
5.421808985309820583e-01
9.711831642137276344e-01
-6.121056406187718596e-02
-1.986220707740631863e-01
-2.688779941656635475e-01
2.354050577028947711e+00
-1.919729496799837953e-01
1.651141648944858709e+00
2.817992398426169554e-01
2.940197727496835167e+00
-2.100817850035028300e-01
-1.392519871967629330e-01
