-7.823744172637965288e-01
9.999138439056836081e-01
-7.847486585126959291e-01
5.613814721280088182e-01
-7.531733849656113700e-01
-2.570052097002052949e-01
-9.912047454479029351e-01
2.111216061619175244e-01
7.201323851304526347e-01
9.962657976096879198e-01
6.105992127721198148e-01
-2.103049078858484078e-01
-9.563017672192872798e-01
6.586316994087116905e-01
-8.713510376624055143e-01
9.991108418149097226e-01
4.049969685825128840e-01
-1.921016732460481824e-01
5.450152914980858909e-02
5.442924533215770522e-01
