-1.688683817662597897e-01
7.689547703729736838e+00
-3.339020170529341525e-01
5.252236434184954367e-02
-1.886734979381302080e-01
4.090772992008502307e-01
-4.057750804938897171e-01
1.087446655854059641e+00
1.899511948437419662e+00
4.243213344930441444e+00
-6.193806010311488086e-02
4.621535438723253786e-01
-3.989432830370711613e-01
-8.278957107117248526e+00
-1.083093623964522800e-01
1.298461712051258488e+01
7.743350190265570199e-02
-7.515364321030486572e-01
5.156807040375886997e-01
-7.193145809766282595e-02
