1.488594728394145583e-01
7.290411685362182759e+00
-2.329578756768175829e-01
1.356612934558264205e-01
1.319203697309352386e-01
7.655002837905175994e-01
-1.760612655730032228e-01
1.606344405619548832e+00
2.460166549322455598e+00
4.649673733036107315e+00
-1.477102166582100473e-01
6.539520393133524401e-01
-1.020794569744809255e-01
2.028070065651552767e+01
1.992522210046082654e-01
9.727413907776583102e+00
1.935941744067311843e-01
3.773302245541977840e+01
6.988208475499970707e-01
-1.635353129820310836e-01
