-2.064874498778747625e-01
1.201660780662988426e+00
-2.417844413812230975e-01
6.032485329123602608e-02
-2.101281301291102466e-01
2.470410860538412301e-01
-2.597692120235065572e-01
4.159238216128520182e-01
5.581596103865720249e-01
8.743604321875548813e-01
-8.915511463049154151e-02
-1.706214250929185550e-01
-2.566229819221434449e-01
2.461039756380951182e+00
-1.961006425809782017e-01
1.468345318426028889e+00
8.257461608182829760e-02
3.847501990909311331e+00
-1.780526772940860258e-01
-1.015462916896291146e-01
