-3.171258810698965869e-01
1.459854246284063795e+00
-2.756559830144206247e-01
7.738306092439548034e-02
-3.167796683802439617e-01
3.362990747315742768e-01
-2.986767563649693757e-01
5.784093337246428712e-01
7.698598035692110209e-01
1.137735151367855302e+00
-1.082298184110723621e-01
-3.285356212877783566e-01
-3.079752532207750138e-01
2.376998432394292760e+00
-3.181082732326804274e-01
1.693292125208831322e+00
1.067904964560017350e-01
3.042883613026457823e+00
-3.299383901447390244e-01
-1.227138982103266607e-01
