7.771788024587955590e-01
-1.514094313265206271e-01
-8.071466422331132762e-01
-6.654041015391887713e-03
7.242999721419803860e-01
2.894961093275321209e-02
-6.797806587551168400e-01
-1.455936671759086067e-02
-1.861186524925612928e-01
-1.499061870054176349e-01
-4.141346204723445057e-01
7.055477053004509669e-01
-4.886176289564067576e-01
-1.855198396616801193e-01
8.240409824708440079e-01
-1.604456072866328187e-01
-3.010132765988755010e-01
-1.933460354013344096e-01
-3.390611563350170998e-01
-1.734682291692837275e-01
