-3.191915096069153357e-01
1.258873309268361496e+00
-2.685138013685471892e-01
6.051927515896129289e-02
-3.206037186927665483e-01
2.557809648283695392e-01
-3.053583473990265640e-01
4.414005157780257482e-01
5.963404613383824771e-01
9.255398817371761622e-01
-9.000438679410105447e-02
-2.362136440731192888e-01
-3.211661864531029642e-01
2.542031338448701661e+00
-3.142948965682229034e-01
1.533269920223859994e+00
8.305097224616360407e-02
3.923289610736201638e+00
-2.257882258784034146e-01
-1.028343684859604479e-01
