-4.534115025537625021e-01
-3.708409295086574797e+00
-1.755151191274833877e+00
2.656864823625499916e-01
-5.626885650388553373e-01
4.428592683251331708e-01
-1.860577212960899729e+00
-2.323855210802642512e-01
-1.147424038713354300e+00
-2.961839389035819448e+00
-5.499608307405512431e-01
1.746923763407936869e+00
-1.724902770098822646e+00
2.149793894544031581e+00
-1.172777628813461842e-01
-3.376948105842839887e+00
3.395666191388886923e-01
1.191145542322893469e+01
1.627691394207159359e+00
-6.392324230484297543e-01
