-4.423670084650686007e-01
1.332969079703559601e+00
-4.593793167853531534e-01
-4.867364432941693325e-02
-4.449995311372364482e-01
3.717159273317325874e-01
-4.969904918694101337e-01
6.096923288813691499e-01
7.815571620175751910e-01
1.087507645846377269e+00
-1.654506240090116431e-01
-5.725609282560975011e-01
-4.970695714234629747e-01
2.367809845709242911e+00
-4.375933146416560726e-01
1.483696953665685214e+00
8.919052648183593834e-02
2.864118317145133208e+00
-5.716342451490161736e-01
-1.883166519584771603e-01
