-2.738139845269251249e-01
1.304902533153492250e+00
-2.537150274070506528e-01
6.052981133950656456e-02
-2.743585365016069089e-01
2.573696200611670926e-01
-2.759037658889630928e-01
4.487590635782820470e-01
6.112502095430288884e-01
9.586976722460004430e-01
-8.991051707360463163e-02
-2.812278863798021722e-01
-2.807898982251588738e-01
2.503520880401922000e+00
-2.723953729390699019e-01
1.580934066266705074e+00
8.308514742663186681e-02
3.533539268454089388e+00
-2.846720372633315677e-01
-1.026661476778233661e-01
