-2.275033741686627309e-01
1.268623669964080047e+00
-2.191044698879813790e-01
6.411510828273346563e-02
-2.287438152303853389e-01
3.058249773391071846e-01
-2.404484549310808295e-01
5.418468770569759840e-01
7.200728881986276919e-01
1.030374661267351666e+00
-8.227434596761688812e-02
-1.937472425786054275e-01
-2.436354091055691895e-01
1.779365939454446766e+00
-2.239064109684311688e-01
1.423182543708744863e+00
8.971886831547715158e-02
1.941607594436679740e+00
-1.901995688054846090e-01
-9.289283163225008078e-02
