-3.825703567239909231e-01
2.866956529296468825e-01
-9.882437780922699311e-01
-6.096736441700015829e-01
-5.638726437488368326e-01
1.028165524348215065e+00
-7.984639648197638273e+00
1.043142410499041661e+00
-4.341501421717501308e-01
4.956644096793883847e+00
9.183295758648524210e-02
-1.380566406683408465e+00
-8.527043675453457316e-01
-1.733829460258073718e+00
7.004110530649812483e-02
-3.855368337365613352e-01
-5.004626131564708924e-01
1.478347554856748736e-01
-1.250440995511336251e+00
-2.488784391977469368e-01
