-2.654081749394746836e+00
-7.544355271235623661e+00
-2.004794285804022191e+00
-4.006077802176133962e-01
-3.036301081654043887e+00
-5.991822520213599956e-01
-4.136844573589353757e+00
2.973857249281273152e-01
1.520504199724863614e-01
-3.660156125420506612e+00
7.263848884239920700e-03
4.173469046786613568e+00
-5.538082404399790271e+00
-1.308374978877635186e+01
-1.497029122080749675e+00
-9.555712791395158945e+00
-4.913860011159638663e-01
-1.543420330506246430e+01
4.156130248884630340e+00
-4.066712914847114835e-03
