5.692156631911479692e-02
9.581697638802521011e-01
-1.149952566779464808e-01
-5.816032033354087000e-02
7.131889403002451833e-02
9.998199762260502332e-01
4.938584575934006071e-02
8.252044040947231762e-01
7.031153609934551740e-01
7.960259048577978946e-01
-7.727401008112957381e-01
-1.032279025123949423e-01
1.038828246814796907e-01
1.119433857579179431e-01
2.762686926808727728e-03
9.936284907341598194e-01
1.965419172419853866e-01
-4.992413026914918617e-01
-1.887356316959444003e-01
-7.640389442590062030e-01
