-1.057938287291556811e+00
-9.581154538631950213e-02
-2.290742673652409189e-01
-5.899347629413063121e-01
-8.010975302869285386e-01
3.058758165659019590e-01
-1.130973408159319904e+00
6.212652551225156250e-01
-8.298472606012636810e-01
-1.198834955897820409e+00
-7.537306540961897783e-01
-9.299509480828139774e-01
1.286991048672887772e-01
-1.808970712760043620e+00
-4.039082335457959139e-01
2.575187561736875241e-01
-9.812197013854268013e-02
-1.754761170109159663e+00
2.484409087993903475e-01
-2.211430664649122191e-01
