-1.787302153955016293e-01
1.289501235848827587e+00
-2.180633929945907934e-01
6.031611641342798924e-02
-1.799171846159655086e-01
2.480954725381118442e-01
-2.187437552236488059e-01
4.218140287324690929e-01
5.710344893457444115e-01
9.139087715500385789e-01
-8.890787445919597076e-02
-2.155465906870443482e-01
-2.082761786809776972e-01
2.502223268592435268e+00
-1.760171637296851777e-01
1.600902494046945623e+00
8.256506429106520717e-02
2.688081655869599462e+00
-2.267435641510805178e-01
-1.011321063573508428e-01
