-9.848816122968799824e-01
9.853083629789742837e-01
-8.344234727252601846e-01
7.217857034735359889e-01
-9.804618942439700113e-01
8.190057502321156369e-01
-9.788123661035013079e-01
9.864653212504610469e-01
9.999897646440467636e-01
9.899807538101087490e-01
6.601012298203901008e-01
-6.268471116278985511e-02
-9.716443235655781718e-01
9.425623186824644284e-01
-9.961626721132635920e-01
9.896943338051953365e-01
6.693392328101375188e-01
7.988912812518764728e-01
1.917885988420403032e-01
5.960291610134160756e-01
