1.930446586148086396e+00
1.318653329980000244e+01
-7.418372549226781576e-01
2.426923267136469331e+00
2.083064632296670382e+00
4.626079131067915462e+00
-1.827607959811723193e+00
-5.698548765374923386e-01
-7.459938256552129943e-01
-2.550772675830116132e+00
-6.790092631740395346e-01
1.562024081191377700e+00
-8.308065807371258771e+00
2.494598604502582084e+00
1.591282223689051589e+00
4.022056974698769771e+00
5.992793349268253911e-01
1.603817282422669077e+00
1.583091792600805903e+00
-7.342943488900870452e-01
