-3.184271437314805664e-01
1.491217855964118044e+00
-3.282996059880645134e-01
9.676109477965939842e-02
-3.152171646668927019e-01
3.961857588806009800e-01
-3.261856665277523271e-01
6.509669043291621549e-01
8.411506510096942169e-01
1.190420807482037491e+00
-1.404297407185076396e-01
-8.766537186659708603e-01
-3.143554154304920578e-01
2.440871788388785824e+00
-3.311102603591040694e-01
1.714019908509065715e+00
1.325881672729140870e-01
3.282790721250707477e+00
-1.013621587183091366e+00
-1.594047120988699440e-01
