-2.822194517182316509e-01
1.288968590790650293e+00
-2.735603283437340050e-01
7.135841184656195602e-02
-2.842817802867703136e-01
3.024698026496251413e-01
-2.968078566621148440e-01
5.132769502564820119e-01
6.793183741002324361e-01
1.001380107319924218e+00
-1.026541547296361545e-01
-2.033608316747042843e-01
-3.019240539277468494e-01
2.132106372684829054e+00
-2.757395940991442251e-01
1.500810610911053944e+00
9.813077912126690061e-02
2.746699748920943485e+00
-1.953631219586242085e-01
-1.167230456292243645e-01
