-3.605514704780027335e-01
9.999371899346884973e-01
-3.232070794827321403e-01
6.107866642848198274e-02
-3.616791830659147888e-01
2.834087516356690317e-01
-3.591951195959881549e-01
5.283643314589595574e-01
7.217900758565257702e-01
9.595779794699432763e-01
-9.239284639121030096e-02
-2.478048182430541424e-01
-3.651966031093956677e-01
9.811066087868580698e-01
-3.561759518758247922e-01
9.967392294091657057e-01
8.443254256340300412e-02
9.137946188813500514e-01
-2.319329621862412372e-01
-1.064551132225257102e-01
