
0;5;3.68
1;5;3.62
2;4;3.74
3;4;3.69
4;8;3.92
5;7;4.26
6;7;4.89
7;7;4.56
8;7;4.75
9;8;4.87
10;8;5.47
11;8;5.88
12;8;6.33
13;8;6.6
14;11;6.44
15;13;6.69
16;12;7.28
17;12;8.71
18;11;10.04
19;17;12.04
20;17;14.36
21;15;16.21
22;16;17.2
23;20;17.11
24;43;18.85
25;18;21.39
26;28;23.97
27;27;25.12
28;26;26.53
29;26;28.14
30;25;31.5
31;29;30.17
32;42;31.27
33;42;30.44
34;42;32.49
35;43;35.76
36;43;36.14
37;43;38.88
38;53;40.48
39;53;42.26
40;53;47.48
41;53;51.18
42;52;53.09
43;80;60.09
44;58;65.94
45;61;69.44
46;61;69.02
47;86;69.9
48;58;68.92
49;58;65.56
50;62;68.44
51;82;71.05
52;72;68.39
53;74;68.8
54;95;74.99
55;77;77.17
56;95;76.98
57;93;75.3
58;91;79.81
59;91;76.74
60;92;79.52
61;92;80.84
62;97;82.58
63;97;84.3
64;99;83.64
65;99;85.96
66;92;87.29
67;101;85.62
68;104;87.7
69;107;89.08
70;107;92.14
71;107;88.84
72;112;89.05
73;112;86.68
74;112;89.99
75;112;88.08
76;117;91.32
77;71;91.74
78;71;91.65
79;71;90.64
80;71;86.9
81;127;86.27
82;127;90.71
83;132;91.68
84;135;89.11
85;135;98.16
86;99;107.42
87;132;110.72
88;136;116.47
89;130;124.13
90;130;123.4
91;130;122.06
92;125;118.31
93;125;118.67
94;129;115.71
95;136;113.53
96;136;115.31
97;136;114.86
98;136;123.12
99;136;121.72
100;138;122.33
101;138;125.06
102;167;124.1
103;169;123.89
104;169;125.81
105;169;127.33
106;165;132.21
107;158;138.46
108;141;143.13
109;174;144.12
110;174;147.56
111;175;147.93
112;184;151.47
113;184;156.78
114;184;161.64
115;194;159.47
116;175;164.54
117;175;161.43
118;176;164.77
119;179;169.74
120;181;171.7
121;176;173.45
122;176;174.34
123;176;177.24
124;176;173.93
125;192;168.69
126;173;169.16
127;173;166.84
128;173;164.82
129;173;165.13
130;173;161.26
131;173;162.53
132;173;155.3
133;169;157.72
134;169;161.31
135;167;160.07
136;167;161.53
137;167;157.63
138;167;154.78
139;167;154.71
140;167;159.61
141;167;161.89
142;169;162.73
143;169;167.01
144;167;169.03
145;167;171.02
146;169;172.74
147;169;166.56
148;169;171.75
149;169;169.39
150;167;168.72
151;169;165.22
152;167;171.12
153;169;170.63
154;169;168.32
155;169;163.72
156;167;163.39
157;169;158.89
158;169;164.24
159;171;167.43
160;169;166.74
161;169;163.24
162;200;166.69
163;200;169.82
164;169;166.6
165;169;169.1
166;169;166.87
167;167;167.74
168;171;167.81
169;169;164.47
170;169;164.06
171;169;164.68
172;169;161.15
173;169;160.97
174;169;159.86
175;169;162.49
176;169;159.82
177;169;157.53
178;167;160.96
179;167;159.78
180;167;157.19
181;163;159.45
182;175;159.35
183;166;156.69
184;166;160.22
185;166;157.56
186;166;151.64
187;166;153.84
188;166;158.52
189;166;153.12
190;152;156.16
191;152;157.01
192;167;157.09
193;167;150.42
194;152;157.66
195;166;158.42
196;166;156.99
197;166;156.04
198;166;157.39
199;171;154.07
200;166;155.56