
0;3;3.67
1;5;3.79
2;5;3.4
3;3;3.46
4;1;2.97
5;3;2.58
6;1;2.15
7;1;2.1
8;1;1.86
9;1;2.09
10;3;2.26
11;1;1.83
12;3;1.96
13;1;1.82
14;1;2.02
15;5;1.95
16;5;1.94
17;1;2.2
18;1;2.21
19;7;2.21
20;1;1.94
21;1;1.94
22;1;2.07
23;1;2.05
24;1;1.97
25;1;2.35
26;1;2.79
27;1;2.55
28;1;2.77
29;1;2.73
30;1;2.8
31;12;3.08
32;12;3.55
33;12;3.87
34;12;4.52
35;12;6.88
36;12;9.24
37;12;9.73
38;12;10.32
39;12;11.31
40;12;10.86
41;12;12.0
42;17;12.88
43;12;12.76
44;7;13.02
45;12;11.8
46;12;12.28
47;7;13.27
48;12;11.56
49;8;10.91
50;8;10.0
51;8;11.2
52;8;10.95
53;8;11.43
54;13;10.6
55;17;9.51
56;17;9.14
57;17;9.05
58;19;10.71
59;19;13.03
60;37;15.46
61;19;19.49
62;26;20.63
63;43;23.48
64;43;25.35
65;84;28.55
66;52;33.61
67;36;35.03
68;63;34.5
69;62;37.84
70;71;42.36
71;71;46.4
72;49;51.89
73;66;55.91
74;64;61.18
75;67;61.24
76;67;63.92
77;69;53.77
78;69;54.54
79;69;57.66
80;49;57.07
81;69;57.87
82;60;61.18
83;73;64.98
84;73;63.16
85;73;63.24
86;61;61.42
87;67;60.07
88;67;59.95
89;69;63.04
90;69;62.89
91;79;62.63
92;78;62.8
93;69;57.48
94;68;60.85
95;80;59.76
96;82;56.64
97;78;56.83
98;78;58.04
99;49;60.5
100;83;57.06
101;83;54.9
102;83;56.93
103;74;61.44
104;74;62.92
105;74;66.59
106;74;66.22
107;80;70.93
108;80;68.18
109;80;72.54
110;60;66.71
111;54;68.85
112;54;70.26
113;54;69.05
114;54;72.97
115;84;69.46
116;84;69.41
117;85;72.53
118;85;68.62
119;77;66.35
120;77;64.12
121;58;63.09
122;58;63.34
123;58;60.73
124;72;68.65
125;72;67.85
126;72;71.87
127;72;71.74
128;72;69.41
129;72;69.04
130;72;71.22
131;75;77.14
132;90;75.94
133;116;81.47
134;116;88.49
135;124;96.3
136;124;91.09
137;120;99.1
138;120;96.31
139;120;96.01
140;124;101.99
141;124;104.11
142;124;113.83
143;124;113.83
144;129;112.61
145;124;112.56
146;124;109.12
147;124;105.72
148;132;109.43
149;132;111.57
150;124;107.95
151;124;111.08
152;114;109.44
153;124;108.4
154;122;110.92
155;124;108.61
156;85;106.4
157;134;104.3
158;134;106.44
159;134;100.48
160;134;105.02
161;92;106.69
162;92;111.6
163;92;108.88
164;92;108.88
165;92;112.76
166;92;112.57
167;92;116.05
168;92;114.83
169;136;113.64
170;124;111.1
171;92;112.03
172;92;114.0
173;92;116.15
174;92;111.84
175;92;119.07
176;94;115.56
177;94;117.68
178;94;122.04
179;94;122.44
180;102;123.08
181;94;122.09
182;94;115.4
183;94;119.79
184;92;121.38
185;121;114.97
186;100;105.18
187;155;106.98
188;155;105.35
189;150;103.42
190;150;110.33
191;124;97.39
192;150;98.93
193;94;94.63
194;150;97.38
195;150;95.54
196;104;98.64
197;104;105.53
198;104;104.86
199;104;108.98
200;96;109.56