-4.582455230308183580e+00
5.606595388679108893e+00
-9.045623624955257958e-01
-2.739854887842588127e+00
-4.593014113724423808e+00
-1.830540907389237804e+00
-2.582430196446447557e+00
2.706080311406484640e+00
4.242358954650596203e+00
5.327201751524043516e+00
1.333624711727408929e+00
-8.053365234251894655e-01
-3.597993094151883398e+00
5.323852914130391412e+00
-4.494559433289364136e+00
5.616475069838599232e+00
-1.451679631030479145e+00
4.560045788804057310e+00
-3.176505624623336965e-01
-3.973838845614554582e-01
