-4.561594970410230432e-01
-6.430327714929502392e+00
-7.926400398776582978e-01
9.135805323797765998e-02
-5.211793046167074728e-01
9.981189711805162068e-02
-9.079054900312611975e-01
-2.884009375206349479e-01
-8.977796216966895670e-01
-3.041700181464653152e+00
-2.095728153812942141e-01
2.649265828575874338e+00
-9.335355583751924202e-01
-3.783772941126463252e+01
-2.292356848951182802e-01
-1.025162085107751864e+01
1.146740198141952272e-01
-1.200256168096069132e+03
2.526366177884291631e+00
-2.459137083324687556e-01
