-5.418062750371952507e-01
-9.079612596531468904e-01
-6.388336426660493617e-01
-5.403139819308787617e-01
-5.430704767085612339e-01
-5.546717902481688167e-01
-5.525699075657753978e-01
-6.434715508956194707e-01
-7.524888661057255179e-01
-5.604925982006178087e-01
-5.408091256608873465e-01
-5.420883329731684963e-01
-7.877955741902826770e-01
-5.468163725509128659e-01
-5.428289442272509202e-01
-5.575637239657516009e-01
-5.403668258250401424e-01
-5.448920085196794494e-01
-5.550395236158881529e-01
-5.415946187042602888e-01
