
0;4;3.49
1;4;3.64
2;4;3.86
3;4;3.47
4;4;3.17
5;4;2.75
6;7;2.78
7;7;3.33
8;8;3.88
9;10;4.8
10;11;6.05
11;14;7.78
12;21;9.89
13;20;13.08
14;28;14.84
15;33;17.67
16;44;21.41
17;38;25.63
18;51;30.61
19;42;32.07
20;32;35.63
21;48;37.28
22;48;38.88
23;42;38.88
24;50;44.07
25;50;42.27
26;50;42.77
27;50;43.29
28;48;43.18
29;48;40.09
30;53;41.4
31;46;41.83
32;46;42.21
33;41;43.52
34;42;44.54
35;35;45.83
36;93;47.89
37;85;53.53
38;99;55.39
39;103;64.44
40;103;73.52
41;102;79.64
42;116;85.66
43;116;88.91
44;115;90.7
45;115;91.04
46;112;93.72
47;112;97.41
48;117;96.19
49;106;101.67
50;106;104.2
51;107;106.42
52;123;104.19
53;113;103.9
54;113;107.23
55;123;105.42
56;123;105.76
57;123;111.24
58;126;107.56
59;126;107.04
60;124;108.55
61;124;108.27
62;124;112.05
63;124;114.16
64;123;116.74
65;124;110.34
66;124;113.95
67;124;118.66
68;124;115.65
69;124;118.38
70;122;114.73
71;122;119.18
72;122;115.9
73;122;116.67
74;122;114.28
75;122;115.75
76;128;113.04
77;128;118.11
78;124;120.45
79;124;119.3
80;137;117.12
81;137;121.37
82;123;116.21
83;137;118.85
84;136;115.47
85;140;124.03
86;140;122.22
87;139;125.7
88;137;131.16
89;137;134.92
90;137;134.22
91;141;135.56
92;139;139.23
93;139;140.14
94;139;137.86
95;139;137.13
96;139;134.7
97;139;136.16
98;136;128.12
99;136;128.23
100;136;127.66
101;139;122.61
102;139;129.53
103;132;130.32
104;132;127.64
105;132;130.4
106;132;130.76
107;143;127.61
108;140;129.09
109;143;126.25
110;140;130.3
111;140;128.22
112;128;127.9
113;128;127.08
114;129;130.62
115;129;127.31
116;128;126.17
117;127;127.59
118;126;126.58
119;138;126.93
120;125;126.97
121;133;123.61
122;124;128.86
123;124;126.58
124;131;121.32
125;132;125.54
126;131;126.15
127;124;122.15
128;131;123.5
129;131;121.23
130;129;121.97
131;130;125.72
132;130;124.09
133;132;123.1
134;134;122.32
135;134;124.18
136;134;123.48
137;134;124.35
138;134;125.9
139;134;125.3
140;134;125.28
141;134;127.86
142;134;126.58
143;134;126.64
144;138;133.08
145;147;130.0
146;147;132.29
147;202;130.93
148;202;130.27
149;203;135.8
150;203;145.56
151;163;145.04
152;203;159.89
153;199;166.87
154;186;172.21
155;189;176.86
156;189;179.4
157;189;183.55
158;189;181.42
159;188;189.88
160;188;185.79
161;188;178.91
162;188;184.26
163;188;185.17
164;188;181.68
165;185;185.25
166;185;182.49
167;188;182.31
168;188;180.25
169;192;178.79
170;192;180.69
171;196;181.0
172;196;181.13
173;185;182.05
174;185;181.79
175;186;179.39
176;186;179.61
177;186;180.6
178;186;180.09
179;186;177.77
180;186;180.73
181;195;182.12
182;186;178.69
183;195;175.03
184;180;176.58
185;180;178.3
186;180;176.3
187;180;176.43
188;179;179.85
189;180;174.68
190;179;177.83
191;177;175.87
192;183;172.65
193;176;173.53
194;176;177.17
195;184;175.38
196;184;179.29
197;184;178.65
198;183;173.37
199;185;172.31
200;185;176.79