-2.737598722587304412e-01
1.260426794803982009e+00
-2.270100391558610708e-01
6.013151100915022085e-02
-2.667825215846622577e-01
2.358444732132778665e-01
-2.174540554093781219e-01
4.010658755244416729e-01
5.625780993180302669e-01
9.277557051623075424e-01
-8.970502207375759263e-02
-1.797185549770280444e-01
-2.084527365489153850e-01
2.519668884272932452e+00
-2.934534305586072866e-01
1.451689632244929751e+00
8.278331849000949982e-02
1.782102717646713241e+00
-1.569489998183354329e-01
-1.006914171729462459e-01
