
0;4;3.57
1;2;3.75
2;2;3.34
3;2;2.74
4;2;2.41
5;2;2.09
6;2;2.21
7;2;2.09
8;2;2.17
9;2;2.07
10;2;2.05
11;2;2.2
12;2;2.03
13;2;2.17
14;2;2.14
15;2;2.11
16;2;2.07
17;2;2.17
18;2;2.21
19;2;2.05
20;2;2.04
21;2;2.23
22;2;2.2
23;2;2.38
24;2;2.06
25;2;2.13
26;2;2.2
27;2;2.04
28;2;2.14
29;2;2.14
30;2;2.19
31;2;2.1
32;2;2.07
33;2;2.15
34;2;2.14
35;2;2.24
36;2;2.32
37;2;2.17
38;2;2.12
39;2;2.13
40;2;2.2
41;7;2.38
42;2;2.14
43;2;2.23
44;2;2.19
45;2;2.03
46;2;2.07
47;2;2.15
48;2;2.12
49;2;2.07
50;2;2.27
51;2;2.07
52;2;2.06
53;2;2.06
54;2;2.0
55;2;2.11
56;2;2.14
57;2;2.16
58;2;2.1
59;2;2.08
60;2;2.18
61;2;2.09
62;2;2.19
63;2;2.02
64;2;2.11
65;2;2.18
66;2;2.09
67;2;2.15
68;2;2.17
69;2;2.27
70;4;2.25
71;2;2.11
72;2;2.11
73;2;2.15
74;2;2.18
75;2;2.12
76;2;2.31
77;2;2.12
78;2;2.29
79;2;2.13
80;4;2.31
81;2;2.18
82;2;2.2
83;2;2.27
84;2;2.07
85;2;2.07
86;2;2.03
87;2;2.02
88;2;2.22
89;2;2.28
90;2;2.21
91;2;2.15
92;2;2.18
93;2;2.21
94;2;2.3
95;2;2.1
96;2;2.18
97;2;2.13
98;2;2.08
99;2;2.04
100;2;2.1
101;2;2.02
102;2;2.18
103;2;2.16
104;2;2.27
105;2;2.23
106;2;2.25
107;2;2.07
108;2;2.1
109;2;2.37
110;2;2.16
111;8;2.2
112;8;2.39
113;2;2.34
114;2;2.11
115;2;2.08
116;2;2.14
117;2;2.21
118;2;2.09
119;2;2.12
120;2;2.25
121;2;2.22
122;2;2.15
123;2;2.2
124;2;2.4
125;2;2.35
126;2;2.21
127;2;2.11
128;2;2.21
129;2;2.11
130;2;2.23
131;2;2.19
132;2;2.11
133;2;2.25
134;2;2.26
135;2;2.16
136;2;2.14
137;2;2.23
138;2;2.11
139;4;2.12
140;2;2.26
141;2;2.04
142;2;2.07
143;2;2.09
144;2;2.13
145;2;2.13
146;2;2.17
147;2;2.23
148;2;2.12
149;2;2.19
150;2;2.02
151;2;2.24
152;2;2.04
153;2;2.16
154;2;2.19
155;2;2.16
156;2;2.15
157;2;2.17
158;2;2.1
159;2;2.11
160;2;2.1
161;2;2.1
162;2;2.04
163;7;2.29
164;7;2.46
165;7;3.16
166;5;3.33
167;5;4.18
168;5;5.05
169;7;5.78
170;5;5.92
171;5;5.66
172;5;5.49
173;10;5.89
174;10;5.78
175;5;5.7
176;9;5.93
177;11;6.01
178;16;6.5
179;11;7.63
180;13;7.93
181;11;8.49
182;11;8.3
183;15;8.99
184;15;10.12
185;14;10.65
186;14;11.45
187;15;11.7
188;15;12.09
189;14;13.94
190;14;14.78
191;14;17.12
192;14;17.61
193;14;17.77
194;14;17.85
195;14;19.01
196;19;19.13
197;42;21.52
198;43;23.31
199;40;23.16
200;27;24.19