1.165606556484632517e+00
-3.240843750552488522e+00
-2.168540293049287637e+00
-9.229239844101014834e-01
1.024021632793116865e+00
-1.512322591418771234e+00
-2.372640242413071476e+00
-2.050045352322505288e+00
-2.409765624977887821e+00
-2.935929544378275580e+00
-8.207877287859509652e-01
-1.887249626641647637e+00
-1.884820679862388992e+00
-3.490860138360801557e+00
1.433897572945422638e+00
-3.384111737730501446e+00
-9.806242902031466757e-01
-3.231507902366909768e+00
-1.899102499217900641e+00
-8.509246228395909162e-01
