-5.215920562000083693e-01
1.129996536410553754e+00
-2.875689554829973238e-01
6.050856913067106241e-02
-5.131332473951035755e-01
2.539915898947331385e-01
-3.519787417375659366e-01
4.319219947880318378e-01
5.745501593064119561e-01
8.600920067410452452e-01
-9.009854633532772550e-02
-8.481351787165090084e-01
-4.003122918280593856e-01
2.521909558862184930e+00
-5.483249143193111852e-01
1.347679363702536159e+00
8.301594930466353606e-02
3.264961435903134479e+00
-8.426196976246306258e-01
-1.030038117171275663e-01
