-3.191915096069155022e-01
1.258873309268361718e+00
-2.685138013685471892e-01
6.051927515896128595e-02
-3.206037186927667149e-01
2.557809648283695392e-01
-3.053583473990265640e-01
4.414005157780256927e-01
5.963404613383823660e-01
9.255398817371762732e-01
-9.000438679410104059e-02
-2.362136440731193998e-01
-3.211661864531029642e-01
2.542031338448701661e+00
-3.142948965682229034e-01
1.533269920223860217e+00
8.305097224616359020e-02
3.923289610736201638e+00
-2.257882258784035534e-01
-1.028343684859604618e-01
