-1.376370694959854202e+00
-1.989143579381167815e+00
-1.999129545359121130e+00
-1.999999977861285583e+00
-1.465206887417902060e+00
-1.999953360606182340e+00
-1.990431639008508835e+00
-1.999643506539601434e+00
-1.999328789752356617e+00
-1.999899727654604664e+00
-1.999999659737166313e+00
-3.121903063988351601e-01
-1.958749883869116637e+00
-1.843671749277636218e+00
-1.015589092710766472e+00
-1.977429126493604805e+00
-1.999999865487840367e+00
-7.221264188955307528e-01
-1.933961315917661405e+00
-1.999999247888204490e+00
