-4.407362031480919207e-01
-7.193873189981951910e+00
-1.928363566528940920e+00
-8.955828608174887240e-01
-5.329755449882492835e-01
-1.150328861768747490e+00
-2.334381283328827550e+00
-1.473643998876945194e+00
-2.022244179139510933e+00
-3.630156150145956495e+00
-8.470310909002092270e-01
-7.145032663224734071e-01
-2.135412463884161838e+00
-1.326362698034574095e+01
-2.109407568219332507e-01
-7.677555113621106209e+00
-9.219144098252511910e-01
-1.891835331820226074e+01
-8.565399835336913181e-01
-8.616646999648068794e-01
