-1.937688607701090471e-01
-6.197483564031289305e+00
-3.701770573452648483e-01
4.895399097859087778e-02
-2.053396255315699526e-01
3.078461909667599625e-02
-3.821135662616023110e-01
-2.562592724686104106e-01
-7.236432955596174832e-01
-2.620055743133335113e+00
-1.116111904461214860e-01
1.372696730385857544e-01
-3.531244557685433993e-01
-2.386545304226323339e+01
-1.592853514013148064e-01
-1.050917779835404353e+01
6.094163940621699638e-02
1.762284180063789449e+02
1.654458719846323145e-01
-1.304176541529555033e-01
