1.026410384507793871e+00
2.678514692788514839e+00
-8.652996099409518416e-02
-3.491786625807747480e-05
1.064597796923005379e+00
-7.172958760877787103e-03
-3.645140454675898090e-01
-5.007625872386117782e-02
-1.556435883072514181e-01
-1.570942696770249558e+00
-2.885319926196727291e-04
7.837728322288998184e-01
-1.881497737027840289e+00
1.533135728589733127e+00
9.445607366149504358e-01
1.681301653116954231e+00
-1.163632867282832711e-04
1.846596199685035966e+00
7.835293761288640857e-01
-5.203723195217110215e-04
