-1.922897417610234805e-01
1.332089218972504652e+00
-2.034250467772026061e-01
6.227149116229146325e-02
-1.938863635946970754e-01
2.769610149963265266e-01
-2.131896809010939420e-01
4.855039819212624286e-01
6.565967500879995589e-01
1.004131491226470274e+00
-8.477899407347497251e-02
-1.396849299587235860e-01
-2.121455946825220595e-01
2.406038374163469218e+00
-1.874410108469787284e-01
1.585088315404886705e+00
8.620416599730086615e-02
3.323925493991269242e+00
-1.346525475718494957e-01
-9.584283434877809149e-02
