-5.250635172205879719e-01
1.199799548523188264e+00
-2.874732137871132687e-01
6.050870639863953349e-02
-5.180135272441572791e-01
2.541350000797026332e-01
-3.525460229078862806e-01
4.334570777668619868e-01
5.796694585836854596e-01
8.857392299281767745e-01
-9.009928825391247398e-02
-6.251073149080295099e-01
-4.031310451856249255e-01
2.543981476067159520e+00
-5.451160422698588803e-01
1.468184587094677251e+00
8.301660917210290647e-02
3.805472436957477278e+00
-6.175278456565946872e-01
-1.030051279134813758e-01
