-3.977037027500202049e-01
9.714656343789670467e-01
-3.502119945126281886e-01
8.851583359153720743e-01
-3.795113266933896612e-01
9.893151032644890153e-01
-2.473249026761520919e-01
8.445033086667527167e-01
7.146405444092918113e-01
9.828875967082123521e-01
-9.174912871268087189e-01
-9.552419745614129098e-01
-2.214709201492626733e-01
8.740013454091195566e-01
-4.550845266382694265e-01
9.620731208405789436e-01
6.518253226744540330e-01
7.387516944073080349e-02
-9.777172108262790484e-01
-4.622414636264340904e-01
