
0;4;3.72
1;6;3.6
2;5;3.93
3;6;3.79
4;6;4.24
5;6;4.14
6;6;4.21
7;6;4.3
8;6;4.41
9;6;4.81
10;6;5.28
11;8;5.29
12;10;5.39
13;10;6.24
14;10;6.53
15;8;6.96
16;8;6.74
17;8;7.76
18;8;7.89
19;10;7.79
20;15;7.98
21;8;8.46
22;15;9.39
23;15;10.39
24;15;11.32
25;16;12.3
26;17;12.84
27;36;14.73
28;24;15.75
29;18;17.2
30;18;17.73
31;18;19.04
32;22;21.15
33;25;21.93
34;25;23.35
35;23;23.17
36;33;23.91
37;39;24.42
38;48;25.54
39;23;26.03
40;23;28.73
41;28;30.27
42;28;33.76
43;28;37.49
44;28;39.8
45;28;40.98
46;36;44.45
47;34;46.74
48;34;47.53
49;34;48.94
50;41;50.5
51;38;45.74
52;44;45.33
53;67;47.3
54;67;47.0
55;49;49.43
56;33;52.92
57;33;54.79
58;58;57.42
59;59;51.34
60;105;50.13
61;66;45.8
62;68;50.69
63;41;52.81
64;40;53.24
65;38;53.43
66;43;54.92
67;41;55.55
68;41;53.44
69;41;56.1
70;41;59.75
71;65;57.42
72;70;59.26
73;39;57.59
74;61;57.74
75;61;60.02
76;45;61.27
77;44;61.33
78;54;67.1
79;54;69.26
80;80;68.41
81;37;66.54
82;83;68.31
83;36;71.11
84;36;72.78
85;87;76.63
86;81;80.36
87;81;89.61
88;82;87.56
89;82;89.92
90;82;89.5
91;91;86.36
92;109;84.84
93;100;80.27
94;100;77.96
95;99;79.15
96;96;79.7
97;96;87.34
98;90;91.14
99;109;95.83
100;109;97.61
101;109;99.83
102;108;101.5
103;104;100.21
104;108;99.22
105;109;98.02
106;111;99.05
107;111;99.88
108;77;100.71
109;77;93.97
110;82;97.23
111;77;97.94
112;96;99.9
113;96;95.43
114;96;92.49
115;101;94.66
116;77;89.95
117;109;93.15
118;94;89.69
119;109;89.26
120;152;86.52
121;149;93.27
122;149;97.46
123;149;103.75
124;152;105.23
125;152;107.7
126;149;115.28
127;147;121.73
128;119;123.65
129;119;125.18
130;113;134.6
131;119;134.52
132;106;131.62
133;119;128.54
134;119;129.52
135;112;121.91
136;121;114.9
137;139;113.37
138;133;110.92
139;142;112.84
140;148;115.2
141;125;116.61
142;152;119.97
143;152;121.31
144;146;129.38
145;147;136.55
146;147;138.12
147;133;140.08
148;133;135.99
149;149;138.0
150;134;137.77
151;129;141.0
152;129;139.52
153;158;140.44
154;158;142.21
155;158;142.76
156;150;143.71
157;138;146.21
158;138;150.03
159;138;146.66
160;153;145.07
161;144;144.13
162;167;145.36
163;167;145.23
164;167;144.85
165;150;143.79
166;171;137.65
167;156;133.28
168;154;138.06
169;154;145.82
170;154;141.16
171;154;144.06
172;147;149.69
173;187;144.51
174;161;147.01
175;146;147.45
176;155;145.01
177;154;149.55
178;155;146.22
179;155;145.83
180;155;150.09
181;160;145.78
182;151;149.78
183;151;149.75
184;151;142.1
185;164;144.84
186;162;144.91
187;162;143.95
188;162;141.09
189;162;144.36
190;162;145.31
191;162;147.71
192;162;153.02
193;161;154.0
194;162;156.05
195;165;155.6
196;165;151.82
197;165;157.35
198;184;155.7
199;186;157.25
200;186;153.9