-9.667589993808389792e-01
8.640757877664623221e-01
-2.224187207769569852e-01
3.967230774532249926e-01
-9.830929497036471343e-01
9.931502957011955068e-01
-6.021667186747760026e-01
9.383074986771703374e-01
9.982067943836567814e-01
8.443784300835064371e-01
-3.785042303123638541e-01
-4.851063595703684062e-01
-7.906044552598350261e-01
5.086977986277491093e-01
-8.893325126818379944e-01
9.987165310403681717e-01
5.439048862385196248e-01
7.556909486864838987e-01
-5.810979470699890737e-01
-4.015068968128953086e-01
