-1.358902424657584262e-01
1.230241726850780370e+00
-1.675900759874278112e-01
5.242806007464970858e-02
-1.380997673469976095e-01
2.345325892495452313e-01
-1.715081317802306660e-01
4.157175076603150665e-01
5.690718812916364389e-01
8.970697626067936081e-01
-7.129304869927285959e-02
-6.644716304549422303e-02
-1.660795659056213958e-01
2.511227595119786660e+00
-1.292538585531398942e-01
1.504758299949894296e+00
7.260138727397702496e-02
3.858230899063116670e+00
-5.995585287764980398e-02
-8.058073657146985758e-02
