-2.978379618670483620e-01
9.905695211136050782e-01
-2.619124643759677129e-01
4.609796938727998145e-02
-2.994234446245909731e-01
2.065346267002820535e-01
-2.930284586911632849e-01
4.534789490254563238e-01
6.770724414489821541e-01
9.378709610459804447e-01
-8.318196216487828976e-02
-2.174836138364834859e-01
-3.050134909800395477e-01
9.871753765196327191e-01
-2.925242590544481214e-01
9.968195965046726670e-01
6.214876317994061372e-02
9.362316810179605042e-01
-2.082466153197697345e-01
-9.635999271947162659e-02
