1.303430984495892675e+00
-2.043626108787569784e+00
-1.159201699043821643e+00
5.580734085281868068e-02
1.376106911006466316e+00
1.101115818953909004e-01
-3.197726660603275040e-01
-7.712797327240397682e-02
1.851410882240539513e-01
-1.727386208622833541e+00
-5.685042783463827715e-02
2.423725959264199759e+00
8.733674691708778193e-01
1.919332915397775619e+00
1.081663723697857460e+00
-1.508072501876306148e+00
5.432888053415007440e-02
1.495965189537857176e+00
2.237024470379585850e+00
-2.903410044471698703e-01
