-4.596976667127059546e-01
-4.596976941317549858e-01
-4.596976941318602350e-01
-4.596976941318602350e-01
-4.596976780072710156e-01
-4.596976941318602350e-01
-4.596976941318597909e-01
-4.596976941318602350e-01
-4.596976941318602350e-01
-4.596976941318602350e-01
-4.596976941318602350e-01
-4.581318576699396905e-01
-4.596976941315034093e-01
-4.596976206200754644e-01
-4.596975742042347379e-01
-4.596976941234861558e-01
-4.596976941318602350e-01
-4.596976908339501788e-01
-4.564363303602544386e-01
-4.596976941318602350e-01
