-2.482240402375570643e-01
1.303171079735993665e+00
-2.672649386550742245e-01
8.805583613088342754e-02
-2.427069871263972667e-01
3.635307256981569202e-01
-2.593001367609192864e-01
5.938067315382968836e-01
7.616854785945015305e-01
1.059521915221159460e+00
-1.236122580016939532e-01
-1.223012425585893403e+00
-2.440254829792878333e-01
2.635980451225414800e+00
-2.723183156621373779e-01
1.484006749533750114e+00
1.209575644043531656e-01
2.536230868042936404e+00
-1.188500808078090332e+00
-1.397013118682858823e-01
