-6.100076558885159095e-01
-8.783314601922654896e-01
-9.867460277490213150e-01
-6.054416168455256653e-01
-6.135866209209611677e-01
-5.403454713525771558e-01
-8.900523635095828334e-01
-5.724934121199687365e-01
-6.237420681423402335e-01
-7.545359680222565313e-01
-7.996828192709954930e-01
-9.314855842702154387e-01
-7.797748741317540588e-01
-7.692245709927535424e-01
-6.038541664334345915e-01
-9.481152928702056837e-01
-5.887390617998387032e-01
-1.527408009444879422e-01
-9.539396621122551156e-01
-8.216520611140097907e-01
