-1.766979445554829886e-01
1.133155802515230626e+00
-2.225098541746480252e-01
6.033404066862250309e-02
-1.782759860276451613e-01
2.476494052161876125e-01
-2.238861377876271153e-01
4.149405065899894884e-01
5.500589985666068937e-01
8.350855201737183986e-01
-8.904600289223997545e-02
-2.104505006380225085e-01
-2.123575513864409681e-01
2.505964310521624938e+00
-1.728942400416201286e-01
1.392414791416278996e+00
8.260267347571087493e-02
4.572195673832653462e+00
-2.224705962818053218e-01
-1.013474025089760866e-01
