-3.182661105956159364e-01
1.261165859088241747e+00
-2.572166784057073885e-01
6.097859489323927823e-02
-3.192547182668719064e-01
2.605818635999208599e-01
-2.827946103963914770e-01
4.504630033133791844e-01
6.075807948506586342e-01
9.625813746019372674e-01
-8.850027954270625608e-02
-2.376357067006548973e-01
-3.169742162625621695e-01
2.179000347159110618e+00
-3.146155871084769240e-01
1.535490107470600885e+00
8.386220528713317357e-02
2.720663763602162000e+00
-2.267078423835565959e-01
-1.008204109986203384e-01
