-6.143591526634120670e-02
7.160642676904388715e+00
-9.347951261076262175e-02
2.104792239397695192e-02
-7.213379163547516126e-02
3.384776806893325385e-01
-1.492819141504344860e-01
1.033059374628493288e+00
1.868854606208516733e+00
4.223414958278823406e+00
2.855359067166377517e-03
3.745947462285090790e-01
-1.629124825975888646e-01
2.088380391479177334e+01
-2.748522318255011698e-02
9.852571664346308822e+00
3.679029858851493029e-02
3.707182471542036950e+01
4.210410346750076416e-01
3.761919479457907691e-03
