4.818924725565518208e-01
1.738031630475659617e-01
7.748006799004363530e-03
6.952413811189554582e-08
4.463382141227734690e-01
1.565163838635601234e-04
3.616416698404016639e-02
2.074671941395887613e-03
7.865815469342162317e-03
4.998126872594954584e-02
1.910513997190379992e-06
1.529232540900778758e+00
9.380562259094005206e-02
2.817867976910956695e+00
5.947163380102612473e-01
3.815555504784646224e-01
4.115249528355534657e-07
7.450443876595033998e+01
1.507471281594104040e+00
4.661699001794504897e-06
