-4.123241921026380430e-01
1.245690749460511837e+00
-3.757112665953717401e-01
8.359028639072291211e-02
-4.217280312075649684e-01
4.327949502640530133e-01
-4.921496435819985860e-01
7.864561470146564925e-01
8.375638182194877768e-01
1.176375078423620435e+00
-1.644827053442333431e-01
-4.119440714010355609e-01
-5.229600838472440172e-01
2.381172516031197617e+00
-4.288256534949091980e-01
1.497237354297544343e+00
9.645984717481766169e-02
3.646044872115150159e+00
-4.129349085693132526e-01
-1.897535220628762398e-01
