-2.331849689184403440e-01
9.859419029620536401e-01
-2.350892353743929408e-01
6.172240469016031239e-02
-2.357018065055914435e-01
2.750382382803981396e-01
-2.558594274362845367e-01
4.918088823994989367e-01
6.730070279979237791e-01
9.649813712809587329e-01
-8.705289255617068567e-02
-1.423209640309213153e-01
-2.592017419744732099e-01
-4.290056151631223003e-01
-2.253452208869458628e-01
-8.760704085570414357e-01
8.528693718823113223e-02
-9.737144910105145490e-01
-1.336125771698710996e-01
-9.893982594869560332e-02
