1.237949235428038725e-01
-6.142928686833254659e+00
-1.534885370845029851e+00
1.135731009541899456e-01
6.547415391691600861e-02
-1.211848990078357446e-01
-1.283381666074152383e+00
-3.779199948789568886e-01
-5.617759417884718998e-01
-2.094316613125335014e+00
-4.681268109601560701e-01
1.261913658547071382e+00
-9.097626028293194222e-01
-1.757912475028793864e+01
2.885838697316125412e-01
-1.057974684678108623e+01
1.209673074941192278e-01
-3.859686505462581607e+01
1.312045092341248553e+00
-5.613839654180754479e-01
