-3.208520150064007037e-01
9.813667559430262477e-01
-2.712675309791660050e-01
6.063679062899977185e-02
-3.223080968724634232e-01
2.644339465548532497e-01
-3.078686523771383965e-01
4.765515547332830892e-01
6.568518975542584348e-01
9.454365329128632256e-01
-9.030761818961551002e-02
-2.351689545536818915e-01
-3.233869326548229339e-01
-5.289165074403532479e-02
-3.158079050000574539e-01
8.372112092989600907e-01
8.335831850523225950e-02
-8.546636467222735734e-01
-2.244194922863652630e-01
-1.032693459319870138e-01
