
0;3;3.97
1;3;4.04
2;7;3.94
3;3;4.21
4;3;4.29
5;3;3.5
6;3;3.31
7;8;3.14
8;8;3.41
9;8;3.87
10;8;4.95
11;6;5.75
12;10;6.43
13;10;6.73
14;11;6.89
15;8;7.33
16;17;8.55
17;15;9.31
18;15;10.06
19;15;9.03
20;13;9.78
21;11;10.01
22;11;10.01
23;23;10.3
24;23;10.7
25;23;12.29
26;21;14.37
27;21;17.16
28;21;20.05
29;21;21.76
30;26;22.44
31;20;24.87
32;25;27.76
33;25;29.41
34;31;33.7
35;25;31.59
36;25;33.37
37;37;32.13
38;46;34.15
39;62;39.5
40;62;41.44
41;62;45.68
42;46;47.32
43;46;48.79
44;68;51.99
45;67;56.39
46;76;60.0
47;76;62.83
48;76;63.74
49;66;65.0
50;68;65.89
51;76;66.11
52;95;64.46
53;95;68.31
54;84;68.06
55;99;69.53
56;96;70.11
57;88;72.89
58;76;73.88
59;96;76.5
60;96;78.7
61;96;82.48
62;86;83.1
63;86;82.43
64;96;84.45
65;96;84.86
66;107;86.73
67;116;84.87
68;116;88.88
69;116;94.44
70;117;102.68
71;116;108.44
72;118;110.76
73;118;112.82
74;118;110.92
75;144;112.35
76;118;115.63
77;118;115.66
78;118;116.45
79;160;115.08
80;140;118.17
81;139;116.86
82;166;115.42
83;166;121.77
84;165;128.4
85;167;124.36
86;167;123.17
87;167;125.93
88;167;123.06
89;167;122.96
90;167;120.63
91;167;123.27
92;167;124.38
93;167;131.38
94;170;130.52
95;170;134.47
96;169;137.88
97;165;136.21
98;169;141.96
99;224;140.7
100;233;144.31
101;171;153.86
102;217;158.35
103;213;168.19
104;232;167.58
105;236;172.93
106;236;188.02
107;236;194.12
108;233;204.82
109;233;205.56
110;233;207.23
111;240;211.27
112;240;209.26
113;240;211.98
114;228;214.15
115;222;213.08
116;219;214.38
117;219;216.2
118;219;214.03
119;219;213.06
120;229;208.85
121;229;212.72
122;229;215.87
123;229;217.16
124;223;215.77
125;224;215.93
126;227;220.83
127;229;222.2
128;266;219.9
129;266;219.14
130;229;217.01
131;238;219.84
132;237;220.84
133;237;220.15
134;237;219.8
135;237;218.73
136;237;218.09
137;239;220.65
138;239;217.4
139;236;223.78
140;236;220.91
141;243;226.79
142;243;229.58
143;243;227.59
144;243;232.59
145;229;232.16
146;229;230.56
147;229;227.08
148;240;231.62
149;237;230.38
150;237;228.47
151;236;227.84
152;251;233.19
153;251;234.05
154;251;238.46
155;251;238.57
156;252;235.07
157;257;238.32
158;257;239.14
159;234;236.88
160;236;235.12
161;236;235.34
162;236;234.38
163;232;233.02
164;250;234.2
165;247;232.98
166;228;237.93
167;238;229.46
168;238;237.98
169;238;236.67
170;250;236.06
171;250;241.89
172;250;241.55
173;250;243.87
174;262;245.84
175;262;243.75
176;262;244.26
177;262;246.11
178;262;246.19
179;265;249.44
180;265;248.92
181;265;243.28
182;265;248.36
183;252;248.49
184;252;243.35
185;225;248.06
186;255;250.04
187;255;236.95
188;275;241.83
189;258;244.78
190;256;249.21
191;254;245.15
192;258;236.06
193;258;242.13
194;260;249.78
195;260;247.28
196;262;245.23
197;256;250.87
198;256;252.48
199;256;251.16
200;250;252.15