-1.465257979908402897e+00
-7.553657543281216968e-02
-1.094488459385552392e+00
-3.824531887677870556e-01
-1.547170352404351190e+00
9.790112346509861896e-02
7.874602177513904261e-03
6.008394621580077644e-01
6.390088793715781312e-01
-7.219769040643443658e-02
-8.568113454493370140e-01
-1.641747003000756600e+00
-3.426380911561472953e-01
-7.816630899158918400e-01
-1.161757405716165259e+00
-7.711132883889565415e-01
-3.281886696023761374e-01
1.700557040791675467e+00
-1.756126070532709749e+00
-9.157957493338703125e-01
