3.160133493481684375e-01
-6.781329543272258675e+00
-5.158940589308799729e-02
-6.641273762545207848e-01
2.930437765825242291e-01
-1.060210087223718567e+00
-1.452194322860719117e-02
-1.518986153055262411e+00
-2.075719013311067229e+00
-4.012847449350366524e+00
-3.507241916151589978e-01
1.057840407872908672e+00
3.511749086268046993e-02
-1.347640227763211307e+01
3.867389886498598384e-01
-9.199755323910514093e+00
-7.091917727816966499e-01
-1.197001053570487983e+01
1.107841879281084241e+00
-3.239548254393738169e-01
