-4.161935382545485784e-01
1.172396304464691674e+00
-2.813683106353708219e-01
6.050821017827401338e-02
-4.142461222044607760e-01
2.538711222626218178e-01
-3.336942435288526299e-01
4.316103009981356875e-01
5.750323419702987326e-01
8.713790263036961248e-01
-9.009133994714407789e-02
-4.112122030799633121e-01
-3.662639522342948650e-01
2.475999884994397604e+00
-4.211428496252367926e-01
1.428899671643499403e+00
8.301445199148291265e-02
4.093164048193261628e+00
-4.039453343059361545e-01
-1.029885217786093432e-01
