-5.925790802789472345e-01
-5.640363223145612004e+00
-2.906066598224735120e+00
-3.738113376184241110e-01
-7.811125583140712259e-01
-6.451570657286358479e-01
-3.299927034536621839e+00
-1.387934239438636030e+00
-2.806413882819369654e+00
-3.668658075709851474e+00
-8.815741735689881509e-01
-1.530007967061769669e+00
-3.121350198652365737e+00
-4.833499294820985170e+00
-8.311839084624939034e-02
-4.570514011589851933e+00
-3.715839064527396984e-01
-5.221270529853233811e+00
-1.645633297279315510e+00
-9.760673549931992987e-01
