-5.877440745945513578e-01
-1.885463599351761221e+00
-6.516051303849200727e-01
1.351851362362283815e-01
-5.787088526861632332e-01
4.207336230378222464e-01
-6.273153743582504660e-01
5.616996670846701178e-01
5.825202941545998270e-01
3.437746024977129944e-02
-2.458817832148723626e-01
-9.717236402678958163e-01
-5.809216851604837029e-01
-1.675389565747947884e+01
-6.208273656291156684e-01
-4.677426363781730601e+00
1.788665382113044100e-01
1.647950814750105764e+01
-9.572288850221085665e-01
-2.837370009411471217e-01
