-3.408643648996982911e-01
1.276302777712917447e+00
-2.489249346669586138e-01
6.033643735288541504e-02
-3.429443362165981446e-01
2.489719946644990411e-01
-2.932941227572176124e-01
4.245956103662022474e-01
5.750301368941250768e-01
9.142719770223227682e-01
-8.908400865414144165e-02
-2.016388426454704119e-01
-3.240132137437690685e-01
2.539821740035526521e+00
-3.325552336075811022e-01
1.574536147210507719e+00
8.261312502166000271e-02
3.492173139194107989e+00
-1.937405935955420488e-01
-1.014267771611420954e-01
