-7.228332326284858667e-01
-2.177199359316689176e+00
-7.957241751895621773e-01
1.002239942539009943e-01
-7.226228871620120620e-01
7.804610940047854717e-01
-3.442162718799424148e-01
2.254517916609973582e+00
2.216275588134544172e+00
5.617809099418290542e-01
-6.002925709988225084e-02
-3.264452497359764949e-01
-5.104515743655269056e-01
-8.760608401967781234e+00
-7.166600401520439867e-01
-3.839029950180524953e+00
1.218101349253894877e-01
-1.488992340140458914e+01
-2.595014924388113764e-01
-2.893650152610257043e-01
