-1.006841659079236728e-01
-3.920647678862533958e+00
-2.610968085664763461e+00
8.714864614382766828e-02
-1.048325691536896448e-01
1.630262368691026031e+00
-6.260068218492584879e-01
8.813716147352920416e+00
-6.205457581552041191e+00
-2.979151070832939396e+00
-1.417945017220670345e-01
-6.090162320826175008e-02
-2.839738889975368941e-01
2.352164238320826772e+00
-9.051280995561135356e-02
-8.759985828337883973e+00
9.881469938282751164e-02
8.088155924373485739e-01
-6.069180264599333130e-02
-1.764496989112250003e-01
