
0;6;4.01
1;6;4.18
2;6;4.66
3;6;4.87
4;8;5.2
5;6;5.87
6;6;6.07
7;7;6.57
8;9;6.9
9;11;7.02
10;8;7.46
11;9;8.3
12;14;9.36
13;10;9.96
14;16;11.18
15;7;12.37
16;7;14.46
17;6;15.53
18;15;15.79
19;26;18.39
20;32;18.63
21;30;18.82
22;8;21.13
23;24;24.46
24;14;25.99
25;10;27.02
26;7;28.93
27;23;30.53
28;23;28.31
29;23;29.43
30;23;29.6
31;34;27.48
32;8;29.41
33;8;28.06
34;23;32.37
35;23;31.77
36;16;33.99
37;19;34.01
38;19;34.94
39;19;38.03
40;47;41.03
41;47;45.31
42;29;44.65
43;37;40.19
44;37;41.55
45;45;40.86
46;45;40.61
47;42;36.39
48;41;34.11
49;41;38.7
50;43;38.23
51;64;41.01
52;43;43.33
53;41;44.93
54;41;44.53
55;36;46.5
56;36;49.12
57;41;50.92
58;41;51.58
59;47;50.68
60;47;50.06
61;71;52.86
62;53;53.84
63;50;52.74
64;73;50.19
65;74;52.07
66;64;56.88
67;69;57.41
68;62;61.08
69;65;60.83
70;62;62.71
71;62;61.64
72;61;62.64
73;64;60.54
74;89;62.11
75;89;63.92
76;89;67.4
77;83;70.66
78;71;72.12
79;84;71.74
80;82;73.59
81;82;71.6
82;82;72.74
83;83;73.96
84;83;82.46
85;83;86.95
86;83;95.55
87;83;93.17
88;76;92.88
89;76;88.14
90;76;84.57
91;75;84.63
92;64;83.78
93;88;81.77
94;74;82.99
95;99;80.87
96;85;77.31
97;85;79.66
98;87;83.34
99;94;83.93
100;93;82.9
101;93;85.13
102;104;82.64
103;104;83.22
104;104;82.1
105;101;85.53
106;93;83.68
107;93;85.2
108;93;83.45
109;105;81.28
110;105;83.94
111;105;79.9
112;105;78.16
113;82;79.93
114;85;79.66
115;80;77.77
116;80;78.86
117;80;76.93
118;77;82.56
119;77;81.22
120;77;79.83
121;77;82.27
122;77;86.18
123;77;87.33
124;77;90.23
125;77;93.35
126;77;94.47
127;78;95.51
128;75;99.64
129;124;100.27
130;124;101.07
131;124;103.51
132;128;107.14
133;130;110.93
134;130;110.7
135;130;109.72
136;139;107.8
137;134;109.97
138;132;113.17
139;132;117.57
140;127;119.51
141;82;125.45
142;82;128.07
143;156;125.21
144;156;128.93
145;156;131.37
146;155;131.96
147;155;131.39
148;155;136.87
149;156;141.25
150;158;140.95
151;144;141.96
152;155;143.19
153;155;146.62
154;155;148.57
155;155;144.5
156;155;149.14
157;156;149.7
158;140;149.56
159;140;149.73
160;139;149.44
161;139;142.67
162;145;140.48
163;141;138.44
164;143;137.86
165;140;135.17
166;144;136.39
167;144;140.06
168;144;134.66
169;144;133.05
170;143;133.31
171;143;135.03
172;143;135.15
173;149;134.58
174;149;134.09
175;157;139.4
176;157;135.56
177;157;135.03
178;154;139.44
179;154;139.71
180;143;142.51
181;154;145.44
182;157;146.68
183;157;147.85
184;157;149.06
185;157;147.73
186;157;150.69
187;161;150.72
188;169;150.95
189;167;151.79
190;173;157.91
191;167;157.69
192;165;155.88
193;167;154.05
194;165;154.46
195;165;153.84
196;160;153.28
197;178;154.4
198;178;155.43
199;167;159.62
200;167;158.41