-2.386734344154658738e-01
9.999834048077379522e-01
1.490307503400441769e-01
9.469389552790010711e-01
-5.375338203924905356e-01
-4.785448640470666981e-01
7.916291858473968324e-01
7.412372914757200393e-01
9.065518042389076880e-01
9.998081855854245026e-01
9.865440915472456496e-01
7.679051509482145432e-01
-6.592262277416989225e-01
9.190630634376196761e-01
-6.265375888535135163e-01
9.985478005517907096e-01
9.803742249219595806e-01
6.842256711758111232e-01
9.817940292881968123e-01
-6.633679073136382609e-01
