3.768198878544684605e-01
-1.624803311803225458e+00
-6.335191127497414865e-01
-1.129226804476555525e-02
3.180978418714880407e-01
-6.057128260530958430e-01
-9.149573142166096407e-01
-1.634120340998590493e+00
-1.603255971662577384e+00
-2.652871049542425919e+00
-9.313998729620920347e-02
2.192457721718293673e+00
-7.740031973319316805e-01
2.360950555731976763e+00
5.440509134297563110e-01
-7.110067625804330493e-01
-3.638156825529854921e-02
4.394892353251060868e+00
2.283700232690596188e+00
-1.136094778596764415e-01
