-2.311080840657355751e-01
-2.451138761575712977e+00
-1.260887130042151361e+00
-9.633525802257686399e-01
-2.470993545411537262e-01
-7.048486816631088780e-01
-1.992989046370387207e+00
-1.622153953309615426e+00
-5.579847838273501726e-01
-3.036957282306279815e+00
3.468682532060363144e-01
-1.783159664817155488e-01
-1.065724025193913960e+00
-9.718050036811828107e+00
-1.968331380550893961e-01
-4.391920257940243211e+00
3.866000467909924687e-02
-2.557814712532398858e+02
-1.770388551974171332e-01
7.231217005236572071e-01
