3.424548514667284937e-01
-6.539846932278260638e+00
-1.519557207032010915e+00
-9.665597132634543565e-01
2.348702471425336835e-01
-1.219123465188594491e+00
-1.582303896739391202e+00
-2.167348139332489154e+00
-1.747100251320512276e+00
-2.262943250321007405e+00
-1.379190404177797202e-01
-8.958824743187209227e-01
-1.330309873349148964e+00
-1.137214713063120897e+01
6.033181492390109479e-01
-4.740855076046553762e+00
-9.489885000473239351e-01
-1.715476867055466670e+01
-9.426180875554466265e-01
-5.603250803014464543e-03
