-5.899161125793508376e-01
1.264967603792758633e+00
-1.062255112249882172e-01
-3.707109543476175273e-01
-5.855229928132165140e-01
1.442392119587289079e+00
-6.442557573767757062e-02
1.510918271804401192e+00
1.422085621484247664e+00
1.180298722698940983e+00
-9.824834242200877199e-01
-8.156907579341166059e-01
-4.898644307325503849e-02
1.757285008235620394e+00
-5.870964030143601686e-01
1.336123595086778915e+00
1.208188205329083741e-02
1.217988285095634504e+00
-1.036432521942106444e+00
-9.500479461407761450e-01
