-5.085425275484543040e-01
1.149164632774523742e+00
-2.887906518866159011e-01
6.050866998096742638e-02
-5.035439986601956130e-01
2.540504550516570204e-01
-3.554035761405157645e-01
4.323937387170082025e-01
5.759246821543873018e-01
8.665046159368636758e-01
-9.010012381635316980e-02
-5.328536520549882471e-01
-4.056665777827211383e-01
2.545633623849208771e+00
-5.219771033733179300e-01
1.384406434407914332e+00
8.301639115683472070e-02
7.468387119606451741e+00
-5.208275058265582347e-01
-1.030071098136236124e-01
