1.333630991676885147e-01
-2.108342275649272679e+00
-1.002035701993961858e+00
1.973618120247382368e-01
9.520795780595267543e-02
-8.737707392755051927e-01
-8.297979940516074793e-01
-2.106925509798031282e+00
-2.768888852174709037e+00
-2.957154876101112606e+00
-8.712648818999890743e-02
8.485293740227398684e-01
-5.701958386499498266e-01
2.833112545249775405e+00
2.396104637989694419e-01
-1.075915479003828779e+00
1.345969384735331009e-01
6.176097299406990260e+00
8.883196224192947410e-01
-1.647219734972155958e-01
