-3.116929141385559321e-01
1.269913984075886848e+00
-2.563948661294160880e-01
6.018992038011295592e-02
-3.122683867620362208e-01
2.498986334905773932e-01
-2.879343682653695558e-01
4.297366429873952787e-01
5.839827911791652948e-01
9.259904568893739807e-01
-8.993593793746770815e-02
-2.415660679380514653e-01
-3.032671425616403904e-01
1.537473619172806893e+00
-3.092270063530049851e-01
1.514912649521597876e+00
8.238670744076662111e-02
9.266704838243322584e-03
-2.307692596674035812e-01
-1.026802308645862610e-01
