-4.240323412300521788e-01
9.679177171720018125e-01
-1.377606195884820695e-01
4.502696113408204137e-02
-4.649057794952002887e-01
9.677553635272797550e-01
-7.107213632755940980e-01
5.542356102550188846e-01
4.181079816853137676e-01
6.920448432617085643e-01
-9.080325936052010549e-01
-6.642728273425843044e-01
-9.929039405024464582e-01
9.995922109904856745e-01
-3.237254453733580117e-01
9.986968463125176498e-01
3.082988598836153837e-01
8.201498135567685255e-01
-7.600605520030070394e-01
-8.237955640280663072e-01
