-4.640091730944180259e-01
-7.851892714091878389e+00
-2.204304816688273938e+00
-1.152044666812496398e+00
-1.785136472669758056e+00
-9.051921529100591668e-01
-2.843431895757065675e+00
-1.501964013398726427e+00
-1.452660955184031488e+00
-2.706615280068699114e+00
-4.258041721030707549e-01
-2.844777963618911443e+00
-1.768906968848957817e+00
-1.084806460817820728e+01
-1.956322218607280838e+00
-9.112459575563242709e+00
-1.158795363053271243e+00
-9.125395219840436667e+00
-2.408170826855124069e+00
-5.294884650991276143e-01
