-4.849375549710261968e-01
-2.886022461984035781e-01
-8.430343893372347353e-01
1.174956193259993342e-02
-4.968181554409667466e-01
3.036603166491205763e-01
-8.042267372287352778e-01
-8.728661947325670745e-02
-8.520565324812643393e-01
8.276354292701401105e-01
-5.055883272793247896e-01
-6.139430976601228940e-01
-7.275745993401582234e-01
-9.237987894577337489e-01
-4.559012591743037968e-01
-1.186931956878862104e+00
8.095796248104115966e-02
-1.260619686519569571e+00
-6.168337676905844003e-01
-5.533189590520881662e-01
