-1.667368104933634854e+00
-6.753633705820996980e+00
-2.397626119621734553e+00
-8.613293700204660563e-01
-1.738052084882766302e+00
-7.985594660044454951e-01
-2.702705306503839555e+00
-1.225056982371135472e+00
-1.903011002910148575e+00
-4.121102244780917800e+00
-1.304530998024917565e+00
-4.191695188237182235e-01
-2.656097812657366219e+00
-1.249649609716641763e+01
-1.466099574483433088e+00
-8.652152832429734985e+00
-8.242688309595062046e-01
-1.458163623598485970e+01
-3.793672365568416804e-01
-1.357104069304641003e+00
