-1.197208155524009721e+00
-1.537769667981761179e+00
-2.064834185418705559e+00
1.468554696700751783e-01
-1.199469489828511870e+00
1.680411144618221830e-01
-1.759056981934048025e+00
-6.064220604517151642e-02
-2.834887779433121202e-01
-7.966056300955293157e-01
-4.330212021215366081e-01
-9.531543207503393456e-01
-1.660234828067345347e+00
-2.144942649368017928e+00
-1.190494947902390965e+00
-2.327686834725393616e+00
1.788068636249815768e-01
-2.428584967911516568e+00
-8.812947211075922160e-01
-5.196861067795436329e-01
