2.148262163997369245e-01
-6.392260152106726823e-01
8.250780399956704203e-01
-9.584327346155682159e-01
1.510896215600724679e-01
8.885009068989851988e-01
-9.933319227075270152e-01
-1.767776852371084895e-01
7.765846379863936555e-01
-9.897960531066700707e-01
-9.946993333729292619e-01
7.182517023478678375e-01
-9.555005963916393119e-01
7.125071219982284099e-01
3.731576799564495506e-01
-4.495112555115361730e-02
2.559862160632640493e-01
8.041673492638837795e-01
7.284378963637841986e-01
9.993829810128841418e-01
