6.163743172839493134e-01
-1.571649645974031673e+00
-6.324194202898791861e-01
6.103997028471890018e-02
6.074993445008142201e-01
2.964308928307329283e-01
2.007921767388089140e+00
7.207641212389064300e-01
1.744535516302834210e+00
-3.866135708504248480e+00
-9.221234775038013309e-02
8.675005315195625233e-01
6.601873950232258759e-01
2.303791835728072890e+00
6.441613093497714493e-01
-1.001486711156194032e+00
8.437941728982351064e-02
1.396790591073767906e+01
8.818580722640926295e-01
-1.062660853463643085e-01
