-3.173193739003770664e-01
1.400225477997526946e+00
-2.015975133602368186e-01
6.393496095003152468e-02
-3.093408237153097984e-01
3.007890930595062406e-01
-2.291329076422783939e-01
5.372535223280384686e-01
7.273464000253657691e-01
1.093501642442952448e+00
-8.137861705933616130e-02
-1.011068727791776034e+00
-2.473352024812672245e-01
2.367364839038899937e+00
-3.465349367982060169e-01
1.560965294991124575e+00
8.929326738635283423e-02
2.251991287902690875e+00
-1.022407522677929448e+00
-9.153297357527157008e-02
