-1.896902007813063396e+00
4.727803128071307981e+01
-1.908299488796266985e+00
-1.806088409890351798e+00
-1.927589085749236153e+00
-2.239099263685410790e+00
-7.425922139174714331e-01
-2.513972591333867967e+00
-1.385066133462812266e+00
-3.187637728018644090e+00
-2.763189253912412546e-02
-1.271132813092545222e+00
-1.966036382102851476e+00
-4.436570106457075058e-01
-1.744671215709183265e+00
1.232876111187553025e+00
-2.677221173830510725e-01
-1.525348062585899500e+00
-1.880420543810976675e+00
-1.898947467195462924e+00
