
0;7;3.64
1;4;3.8
2;4;3.93
3;4;3.95
4;4;4.02
5;4;4.05
6;4;3.98
7;4;4.29
8;4;4.08
9;4;4.12
10;4;4.36
11;4;4.68
12;4;4.41
13;4;4.68
14;4;4.63
15;4;4.33
16;4;4.16
17;4;4.37
18;4;4.32
19;4;4.5
20;4;4.31
21;8;4.4
22;8;4.28
23;8;4.24
24;8;4.18
25;8;4.38
26;8;4.41
27;8;4.43
28;8;4.3
29;8;4.61
30;8;5.07
31;12;5.51
32;8;6.26
33;8;6.34
34;8;6.86
35;8;7.24
36;8;7.57
37;8;8.1
38;8;8.69
39;8;8.7
40;8;8.7
41;8;8.67
42;8;8.14
43;8;7.98
44;8;8.05
45;8;8.45
46;8;9.15
47;8;9.05
48;8;9.29
49;8;8.66
50;8;8.56
51;10;8.46
52;8;8.21
53;8;8.78
54;8;9.03
55;8;9.2
56;8;9.06
57;8;8.15
58;8;8.43
59;9;7.92
60;16;7.67
61;8;8.59
62;8;9.71
63;12;8.44
64;14;8.71
65;14;8.48
66;11;9.2
67;14;9.12
68;14;9.22
69;23;9.84
70;17;11.04
71;18;11.26
72;28;12.77
73;16;15.61
74;26;16.68
75;36;17.51
76;50;20.99
77;42;23.3
78;33;27.35
79;33;31.61
80;33;34.15
81;56;35.02
82;32;35.92
83;32;35.87
84;59;35.85
85;45;39.92
86;63;41.98
87;69;44.09
88;63;49.69
89;64;55.37
90;80;59.53
91;77;60.04
92;74;63.13
93;46;63.44
94;66;62.8
95;66;60.84
96;66;61.22
97;66;62.09
98;66;61.91
99;64;64.68
100;71;66.09
101;89;67.04
102;102;64.86
103;98;72.36
104;95;73.32
105;70;78.66
106;95;82.93
107;88;84.37
108;88;82.82
109;90;80.97
110;90;78.33
111;67;77.12
112;65;81.06
113;64;84.04
114;75;88.34
115;64;84.55
116;79;81.8
117;91;85.15
118;90;84.47
119;90;83.53
120;101;84.06
121;101;86.23
122;101;87.8
123;106;92.21
124;101;88.57
125;101;89.92
126;101;88.35
127;102;91.65
128;92;89.49
129;111;94.61
130;111;93.94
131;103;91.62
132;101;93.63
133;113;94.59
134;106;95.97
135;113;99.05
136;113;98.75
137;108;95.68
138;108;95.59
139;108;98.34
140;108;98.48
141;108;99.14
142;108;97.88
143;117;101.15
144;111;101.71
145;111;102.53
146;111;103.22
147;108;105.12
148;111;100.63
149;111;101.02
150;111;100.42
151;111;104.69
152;111;100.46
153;111;100.94
154;111;102.3
155;110;97.43
156;106;100.38
157;106;99.4
158;108;100.8
159;108;98.55
160;108;100.06
161;108;98.86
162;108;103.0
163;108;103.74
164;109;103.36
165;108;103.38
166;113;101.84
167;108;103.01
168;118;99.33
169;118;101.25
170;114;107.03
171;114;102.14
172;114;102.14
173;123;100.55
174;118;103.22
175;129;105.23
176;129;109.16
177;129;111.16
178;129;111.05
179;140;109.01
180;140;110.93
181;143;116.48
182;143;116.14
183;149;123.4
184;149;126.12
185;146;132.96
186;146;129.94
187;147;138.82
188;153;136.61
189;151;144.67
190;151;141.09
191;151;138.85
192;159;140.33
193;159;139.9
194;150;146.05
195;152;140.13
196;162;146.64
197;171;145.79
198;171;149.97
199;157;145.53
200;158;146.5