-2.834756514310301512e-01
1.286826472140482291e+00
-2.569813394201141410e-01
6.051925067679605336e-02
-2.938851462538948356e-01
2.559332325782534556e-01
-2.984892183104987939e-01
4.429573388843411341e-01
6.008154890297550121e-01
9.408868223170857581e-01
-8.999524123209554083e-02
-1.145004879091446659e+00
-3.404480711890620070e-01
2.535258372744206401e+00
-2.560086925063522201e-01
1.568096639666820558e+00
8.305109342891194013e-02
3.650674348040702011e+00
-1.199387650628898960e+00
-1.028130920721988806e-01
