-2.700457457736585853e-01
1.339805798483838073e+00
-3.169690807853174919e-01
5.711668062335628626e-02
-2.746812086369037065e-01
2.133616745137484338e-01
-3.409946117963055245e-01
3.613867457274364536e-01
5.051824533214944735e-01
8.865754715737583780e-01
-9.852648427733368131e-02
-2.016314760298287823e-01
-3.348581928732571322e-01
2.603320505941371543e+00
-2.566495997336827317e-01
1.709788983157488396e+00
7.685230956839250727e-02
2.930851451703222477e+00
-2.063363648156362751e-01
-1.139505005933663107e-01
