1.184817867602970143e+00
-3.422672337027062195e+00
-2.562985020802993397e+00
2.096436908248319742e-01
1.158531235665818393e+00
6.769560584578333540e-01
-2.449469369398423080e+00
-5.075260401388832499e-01
-1.700205997074747399e+00
-2.866664660834064460e+00
-5.602682772098633857e-01
1.941825007212042875e+00
-1.421815730493466212e+00
2.415525731263800768e+00
1.252542911012126226e+00
-2.741687881512822500e+00
2.849492654161559502e-01
3.441416951676740332e+00
1.670738392041953624e+00
-6.512859899152332321e-01
