-3.354014890338656296e-01
1.265537728582312393e+00
-2.833144090746516630e-01
6.050874124916605368e-02
-3.393234163092624933e-01
2.542149694307619945e-01
-3.335527824696291610e-01
4.345214789928109056e-01
5.836468121857792957e-01
9.088147387631165808e-01
-9.009832474062937080e-02
-2.152979046173369992e-01
-3.564040573021985958e-01
2.564815353599063208e+00
-3.226681469937573432e-01
1.577250498314289873e+00
8.301681584837894423e-02
2.221404418638726064e+00
-2.108805266023143776e-01
-1.030027700391756007e-01
