9.122073362541398556e-01
9.977296112254405713e+00
-2.478005967253049668e+00
-7.490684728696571648e-01
9.431296972111593568e-01
-8.401147170589994273e-01
5.559349513732174586e+01
-1.058587604076693500e+00
-1.367658772818355795e+00
-2.462767475304919795e+00
-7.117476648995146871e-01
-9.576329935380231140e-01
2.286371073751281457e+00
1.090028997620941187e+00
8.147014637711520457e-01
9.281246754301943902e-01
-4.500880103847145763e-01
6.704773704494057540e+01
-1.055060236317951095e+00
-8.740820552297751123e-01
