-3.732358030742370381e-01
1.321830627651657819e+00
-2.455279849580453144e-01
6.053690661482753754e-02
-3.656132276939418890e-01
2.581942529935714603e-01
-4.363027359016812823e-01
4.534238819906989959e-01
6.215698918733493228e-01
9.802605340475170070e-01
-8.976386714066870998e-02
-1.074538746718463278e+00
-6.538317761510779036e-01
2.437296717928236323e+00
-3.805206378821299751e-01
1.567154593466204782e+00
8.310615719692511505e-02
3.908459291849803563e+00
-1.125827890134750708e+00
-1.023847681107073332e-01
