1.229972390531046234e+00
-1.085997620364192962e+01
-2.075943477536654314e+00
-4.121976755532910652e-01
1.194053469197602357e+00
-5.863106033728618938e-01
-3.059749635016610014e+00
-7.115845420809067123e-01
-8.490747309701369705e-01
-2.587768229179880031e+00
-3.952654549290860464e-01
4.952118858283983682e-01
-2.566861973328876889e+00
1.430427808106047305e+00
4.903037097859378468e-01
1.690384184358200770e+01
-4.326420040206160889e-01
1.793889579818447100e+00
-1.871543193867748034e+00
-4.126501513767255047e-01
