   0.0000000e+00
  -3.6933758e+01
  -1.6675275e+01
   2.6323489e+01
   2.0000000e+00
   3.1006854e+01
   2.4494897e+00
  -1.6527078e+01
  -2.1551201e+01
   2.0071993e+01
   1.9271899e+01
   1.8510906e+01
   3.4641016e+00
  -9.8752800e+00
   3.7416574e+00
   3.8729833e+00
   1.9694758e+01
   1.8905282e+01
   1.8138703e+01
  -4.6542798e+00
  -1.6325101e-02
   4.5825757e+00
  -5.8862898e+00
  -4.9994275e+00
  -4.1316433e+00
   5.0000000e+00
   4.7505200e-01
   5.1961524e+00
   8.7739683e+00
   5.3851648e+00
   7.8582796e+00
   5.5677644e+00
   5.6568542e+00
   5.7445626e+00
   7.9528633e+00
   5.9160798e+00
   5.1312421e+00
   6.0827625e+00
   6.1644140e+00
   6.2449980e+00
   6.3245553e+00
   4.2835224e+00
   1.0926152e+01
   6.5574385e+00
   6.6332496e+00
   6.7082039e+00
   6.7823300e+00
   6.8556546e+00
   6.9282032e+00
   4.5575788e-01
   1.4142136e+01
   1.4525446e+01
   1.4905017e+01
   1.5900807e+01
  -1.3676998e+00
  -1.7016323e+00
   7.4833148e+00
  -1.6506914e+00
  -3.4931950e+00
   7.6811457e+00
   1.9820060e+01
   7.8102497e+00
  -5.1492548e+00
   1.8860944e+01
   2.0580007e+01
  -4.8869626e+00
   8.1240384e+00
   8.1853528e+00
   8.2462113e+00
   2.4536869e+01
   8.3666003e+00
   8.4261498e+00
  -9.0693517e+00
   8.5440037e+00
   8.6023253e+00
   2.5155832e+01
   2.5554634e+01
   8.7749644e+00
   2.3734039e+01
  -6.2650891e+00
   8.9442719e+00
   2.4650572e+01
   9.0553851e+00
   9.1104336e+00
   9.1651514e+00
  -7.4075179e+00
   9.2736185e+00
   2.6434068e+01
   2.6725266e+01
   9.4339811e+00
   9.4868330e+00
  -1.2169826e+01
   9.5916630e+00
   9.6436508e+00
   9.6953597e+00
   9.7467943e+00
  -1.7487553e+01
   9.8488578e+00
   9.8994949e+00
   9.9498744e+00
   1.0000000e+01
