   0.0000000e+00
   1.0000000e+00
   1.4142136e+00
   1.7320508e+00
   1.7484028e+01
   3.1006854e+01
  -2.4739201e+01
   2.8379555e+01
   2.8284271e+00
   3.0000000e+00
   3.1622777e+00
  -6.3113190e+00
   3.4641016e+00
   3.6055513e+00
   2.1351509e+01
   1.5767836e+01
   4.0000000e+00
   4.1231056e+00
   4.2426407e+00
   1.3372078e+01
   1.6666950e+01
   4.5825757e+00
   4.6904158e+00
   1.1217825e+01
   7.4889261e+00
   5.0000000e+00
   5.0990195e+00
   5.1961524e+00
   5.2915026e+00
   5.3851648e+00
   3.0961716e+00
   5.5677644e+00
   5.6568542e+00
   5.7445626e+00
   5.8309519e+00
   5.9160798e+00
   6.0000000e+00
   4.8727405e+00
   7.8586620e+00
   4.0728546e+00
   6.3245553e+00
   3.2932292e+00
   3.7857678e+00
   1.0582479e+01
   1.0458771e+01
   2.3270463e+00
   6.7823300e+00
   6.8556546e+00
   6.9282032e+00
   3.5039274e-01
   7.0710678e+00
   1.4629763e+01
   7.2111026e+00
   7.2801099e+00
   7.3484692e+00
   7.4161985e+00
   7.4833148e+00
   7.5498344e+00
   7.6157731e+00
  -3.0079280e+00
   1.9820060e+01
   7.8102497e+00
   7.8740079e+00
   7.9372539e+00
   8.0000000e+00
   8.0622577e+00
   8.1240384e+00
   8.1853528e+00
   8.2462113e+00
   2.4536869e+01
   2.3120694e+01
   8.4261498e+00
   8.4852814e+00
   2.4350171e+01
   8.6023253e+00
  -5.4791961e+00
   2.3113192e+01
   8.7749644e+00
   8.8317609e+00
   8.8881944e+00
  -6.4584331e+00
   3.0370242e+01
   2.4952299e+01
   9.1104336e+00
   2.5550284e+01
   2.5846607e+01
   2.9406693e+01
   9.3273791e+00
   9.3808315e+00
  -8.1468524e+00
  -1.1910689e+01
   9.5393920e+00
   9.5916630e+00
   9.6436508e+00
   9.6953597e+00
   9.7467943e+00
   9.7979590e+00
   3.3393331e+01
  -1.8138703e+01
   9.9498744e+00
   3.0098372e+01
