   0.0000000e+00
  -2.7932793e+01
   2.7890554e+01
   3.4239116e+01
  -2.1002393e+01
   2.3838483e+01
  -1.7887249e+01
  -9.9661037e+00
  -8.9709224e+00
  -2.0107758e+01
   1.9271899e+01
   3.3166248e+00
   3.4641016e+00
   1.7086383e+01
  -3.9958264e+00
   2.0509316e+01
  -2.5884276e+00
  -6.2884217e+00
   1.3945277e+01
  -8.6753414e+00
  -3.8695014e+00
   1.2269262e+01
   1.1737567e+01
   1.4591090e+01
   1.0709264e+01
   2.8593724e+00
   3.3988108e+00
  -1.6315277e+00
   1.8090369e+00
   4.9576732e+00
   7.8582796e+00
   5.5677644e+00
   5.6568542e+00
   5.7445626e+00
   7.3862322e+00
   5.9160798e+00
   8.3071724e+00
   8.7580459e+00
   3.1259610e+00
   6.2449980e+00
   2.5738258e+00
   6.4031242e+00
   1.0050933e+01
   9.8209722e+00
   1.1107880e+01
   6.7082039e+00
   6.7823300e+00
   1.0620733e+00
   9.1619076e-01
   1.3754972e+01
   1.4142136e+01
  -4.5122245e-01
   7.2111026e+00
  -7.2073531e-01
   7.3484692e+00
   7.4161985e+00
  -1.4213452e+00
   1.6750360e+01
   7.6157731e+00
   1.9274721e+01
   1.7818850e+01
   1.9264962e+01
  -2.7683768e+00
   1.8860944e+01
   2.1957242e+01
  -3.4174245e+00
  -6.7527004e+00
   2.1864576e+01
   2.2286350e+01
   8.3066239e+00
   8.3666003e+00
   8.4261498e+00
   8.4852814e+00
   8.5440037e+00
   8.6023253e+00
  -7.8353236e+00
   2.5554634e+01
   2.3424623e+01
  -1.1291325e+01
  -1.1653233e+01
  -6.4584331e+00
   9.0000000e+00
   3.0836197e+01
   9.1104336e+00
   9.1651514e+00
   3.2217270e+01
   9.2736185e+00
   3.3124482e+01
  -1.1388059e+01
   3.4021325e+01
   2.7302741e+01
   9.5393920e+00
   9.5916630e+00
  -1.6497975e+01
   9.6953597e+00
  -1.3192402e+01
   3.3040582e+01
   3.7511683e+01
   9.8994949e+00
  -1.8461787e+01
   1.0000000e+01
