   3.4863193e+01
   2.0931828e+01
   1.9503702e+01
  -2.2859388e+01
   2.0000000e+00
   2.2360680e+00
  -1.1035298e+01
   2.1818581e+01
  -1.5261062e+01
  -8.0362276e+00
   2.5067071e+01
   1.2944569e+01
   3.4641016e+00
   2.2224357e+01
  -3.9958264e+00
   3.8729833e+00
  -2.5884276e+00
   4.1231056e+00
  -5.4599956e+00
   4.3588989e+00
  -3.8695014e+00
   5.8532830e-01
   1.1728196e+00
   4.7958315e+00
   4.8989795e+00
   2.8593724e+00
   3.3988108e+00
   6.4643334e+00
   5.2915026e+00
   5.3851648e+00
   7.8582796e+00
   5.5677644e+00
   5.6568542e+00
   4.9489239e+00
   5.8309519e+00
   7.4069381e+00
   8.3071724e+00
   6.0827625e+00
   4.4701660e+00
   8.4171414e+00
   3.6806053e+00
   9.5130192e+00
   6.4807407e+00
   3.2939048e+00
   1.0458771e+01
   1.1627344e+01
   6.7823300e+00
   1.2329864e+01
   1.2940216e+01
   1.3649607e+01
   4.0909788e-08
   1.4734079e+01
  -8.9804310e-01
   7.2801099e+00
   7.3484692e+00
  -1.7016323e+00
   7.4833148e+00
   7.5498344e+00
   7.6157731e+00
   7.6811457e+00
   7.7459667e+00
  -2.5485513e+00
   1.8516393e+01
  -4.2706439e+00
   2.0580007e+01
   1.9541940e+01
  -5.1915662e+00
   8.1853528e+00
  -5.7939275e+00
   8.3066239e+00
   2.5041450e+01
   8.4261498e+00
  -9.0693517e+00
   2.2166396e+01
   8.6023253e+00
  -7.8353236e+00
   8.7177979e+00
   8.7749644e+00
   8.8317609e+00
   2.4041478e+01
   2.4346977e+01
  -9.5104073e+00
   9.0553851e+00
  -1.3078453e+01
   9.1651514e+00
   9.2195445e+00
  -1.4124958e+01
   9.3273791e+00
  -1.1388059e+01
   3.4021325e+01
   9.4868330e+00
  -1.5829363e+01
   9.5916630e+00
   9.6436508e+00
  -1.2938809e+01
  -9.2253698e+00
   9.7979590e+00
   9.8488578e+00
  -1.8138703e+01
   9.9498744e+00
  -1.4440807e+01
