   0.0000000e+00
   1.0000000e+00
   3.6277406e+01
   1.7320508e+00
   2.0000000e+00
  -1.2197976e+01
   2.4494897e+00
  -9.9661037e+00
   2.8284271e+00
  -2.0107758e+01
   3.1622777e+00
   3.3166248e+00
   1.7783786e+01
   3.6055513e+00
   3.7416574e+00
   3.8729833e+00
   4.0000000e+00
  -6.2884217e+00
   1.3945277e+01
   4.3588989e+00
   4.4721360e+00
   4.5825757e+00
   4.6904158e+00
   4.7958315e+00
   4.8989795e+00
   2.8593724e+00
   1.2646746e+01
   5.1961524e+00
   5.2915026e+00
   5.3851648e+00
   5.4772256e+00
   5.5677644e+00
   5.6568542e+00
   4.5735247e+00
   5.8309519e+00
   5.9160798e+00
   6.0000000e+00
   6.0827625e+00
   6.1644140e+00
   9.6418725e+00
   6.3245553e+00
   8.5227260e+00
   6.4807407e+00
   6.5574385e+00
   6.6332496e+00
   6.7082039e+00
   6.7823300e+00
   6.8556546e+00
   9.1619076e-01
   7.0000000e+00
   4.0909788e-08
  -4.5122245e-01
   7.2111026e+00
   7.2801099e+00
   1.6064638e+01
   7.4161985e+00
   7.4833148e+00
   7.5498344e+00
   7.6157731e+00
   1.9274721e+01
   7.7459667e+00
  -4.7403734e+00
   7.8740079e+00
  -5.5548514e+00
   8.0000000e+00
   8.0622577e+00
   8.1240384e+00
   2.0212537e+01
   8.2462113e+00
   8.3066239e+00
   8.3666003e+00
   8.4261498e+00
   8.4852814e+00
  -5.0783884e+00
   8.6023253e+00
   8.6602540e+00
   2.7996076e+01
   8.7749644e+00
   8.8317609e+00
   8.8881944e+00
  -9.2356454e+00
   3.0370242e+01
   9.0553851e+00
   9.1104336e+00
   9.1651514e+00
  -1.3778181e+01
   9.2736185e+00
  -7.7793101e+00
   9.3808315e+00
   9.4339811e+00
   9.4868330e+00
  -1.2169826e+01
   9.5916630e+00
   9.6436508e+00
  -9.0480336e+00
   3.6653023e+01
   9.7979590e+00
   9.8488578e+00
  -9.7518509e+00
   9.9498744e+00
   1.0000000e+01
