   2.4379628e+01
   1.0000000e+00
   1.4142136e+00
   3.4239116e+01
  -2.1002393e+01
  -1.9366347e+01
  -1.1035298e+01
   2.1818581e+01
   2.7208055e+01
   3.0000000e+00
   1.9271899e+01
  -1.1877656e+01
   1.2436098e+01
  -9.8752800e+00
  -1.3868194e+01
   1.5767836e+01
   1.9694758e+01
   1.8905282e+01
  -9.6534217e+00
  -6.3321817e-01
  -1.6325101e-02
   8.5798231e+00
  -2.3567351e+00
   1.7471032e+00
  -9.1130521e-01
  -3.2817579e+00
   5.0990195e+00
   3.9279714e+00
  -8.2934650e-01
   2.4581534e+00
   1.0221310e+01
   7.4118871e+00
   4.3410696e+00
   8.5068779e+00
   3.7090405e+00
   5.6945529e+00
   6.0000000e+00
   3.4074791e+00
   4.4701660e+00
   8.4171414e+00
   6.3245553e+00
   9.5130192e+00
   2.0353298e+00
   9.8209722e+00
   2.8077282e+00
   2.3270463e+00
   1.2141067e+01
   7.4270167e-01
   1.3152027e+01
   7.0000000e+00
   1.4142136e+01
  -3.4690584e-01
  -8.9804310e-01
  -1.3405869e+00
  -9.5642451e-01
   1.6022339e+01
  -2.0325426e+00
   1.8169999e+01
   1.8724741e+01
  -3.0079280e+00
   1.8819455e+01
   7.8102497e+00
  -2.7683768e+00
   1.8860944e+01
  -5.9572421e+00
  -3.4174245e+00
   1.9878509e+01
   2.0212537e+01
  -5.7939275e+00
  -6.0917857e+00
  -6.3874934e+00
   2.5542440e+01
  -9.0693517e+00
  -7.2621631e+00
  -5.2794696e+00
  -7.8353236e+00
   2.5554634e+01
   8.7749644e+00
  -8.6809212e+00
  -8.9591609e+00
   2.7124189e+01
   2.4650572e+01
  -1.2725427e+01
   9.1104336e+00
  -7.2199814e+00
  -1.0592849e+01
   2.9406693e+01
  -1.4469724e+01
   3.0149722e+01
  -8.1468524e+00
   3.4465968e+01
  -1.2169826e+01
   3.5347903e+01
  -1.2683863e+01
   3.2329528e+01
   3.6653023e+01
   3.3040582e+01
   3.3393331e+01
  -1.3945277e+01
  -9.9255494e+00
   3.8783242e+01
